OP	OPID	Steekproef	Mode	HHPers	HHSam	HHPlOP	HHLft1	HHLft2	HHLft3	HHLft4	WoPC	WoGem	Sted	GemGr	Prov	Corop	BuurtAdam	MRA	MRDH	Utr	Geslacht	Leeftijd	KLeeft	Herkomst	BetWerk	OnbBez	MaatsPart	Opleiding	HHBestInkG	HHGestInkG	HHLaagInk	HHSocInk	HHWelvG	HHRijbewijsAu	HHRijbewijsMo	HHRijbewijsBr	OPRijbewijsAu	OPRijbewijsMo	OPRijbewijsBr	HHAuto	HHAutoL	OPAuto	BrandstofPa1	XBrandstofPa1	BrandstofEPa1	BouwjaarPa1	KBouwjaarPa1	KGewichtPa1	TenaamPa1	BrandstofPa2	XBrandstofPa2	BrandstofEPa2	BouwjaarPa2	KBouwjaarPa2	KGewichtPa2	TenaamPa2	BrandstofPaL	XBrandstofPaL	BrandstofEPaL	BouwjaarPaL	KBouwjaarPaL	KGewichtPaL	HHMotor	OPMotor	HHBrom	OPBrom	HHSnor	OPSnor	HHEFiets	HHBezitVm	OPBezitVm	FqLopen	FqNEFiets	FqEFiets	FqBTM	FqTrein	FqAutoB	FqAutoP	FqBrSnor	FqMotor	OVStKaart	WrkVervw	WrkVerg	VergVast	VergKm	VergBrSt	VergOV	VergAans	VergVoer	VergBudg	VergPark	VergStal	VergAnd	BerWrk	RdWrkA	RdWrkB	BerOnd	RdOndA	RdOndB	BerSup	RdSupA	RdSupB	BerZiek	RdZiekA	RdZiekB	BerArts	RdArtsA	RdArtsB	BerStat	RdStatA	RdStatB	BerHalte	RdHalteA	RdHalteB	BerFam	RdFamA	RdFamB	BerSport	RdSportA	RdSportB	Jaar	Maand	Week	Dag	Weekdag	Feestdag	Weggeweest	RedenNW	RedenNWZ	RedenNWW	RedenNWB	AantVpl	AantOVVpl	AantSVpl	EFiets	AutoEig	AutoHhL	AutoLWg	AutoLPl	AutoBed	AutoDOrg	AutoDPart	AutoDBek	AutoLeen	AutoHuur	AutoAnd	ByzDag	ByzAdr	ByzVvm	ByzTyd	ByzDuur	ByzRoute	ByzReden	ReisduurOP	AfstandOP	AfstandSOP	Verpl	VerplID	VerplNr	Toer	AantRit	Doel	MotiefV	KMotiefV	MeerWink	AardWerk	VertLoc	VertGeb	VertPC	VertPCBL	VertGem	VertProv	VertCorop	VertMRA	VertMRDH	VertUtr	AankGeb	AankPC	AankPCBL	AankGem	AankProv	AankCorop	AankMRA	AankMRDH	AankUtr	PCG	GemG	PCBLG	AfstV	KAfstV	Hvm	HvmRol	KHvm	VertUur	VertMin	KVertTijd	AankUur	AankMin	Reisduur	KReisduur	ActDuur	Kind6	VolgWerk	SAantAdr	SDezPlts	SPlaats1	SPlaats2	SPlaats3	SPlaats4	SPlaats5	AfstS	AfstSBL	SVvm1	SVvm2	SVvm3	SVvm4	SBegUur	SBegMin	SEindUur	SEindMin	CorrVerpl	GehBLVer	Rit	RitID	RitNr	AfstR	AfstRBL	KAfstR	Rvm	RvmRol	RAantIn	KRvm	RVertUur	RVertMin	RAankUur	RAankMin	RReisduur	RReisduurBL	RVertStat	RAankStat	RTSamen	RCorrSnelh	RVliegVer	FactorH	FactorP	FactorV
1	900001	6	1	5	3	4	0	2	0	2	3571	344	2	4	9	17	0	21	12	21	1	62	9	3	3	3	4	7	9	2	8	9	9	1	1	1	0	0	0	0	10	0	1	7	0	2012	9	4	3	7	7	6	9995	9	7	3	7	7	6	9995	9	7	0	0	0	0	0	0	0	8	0	1	1	5	3	5	4	3	5	5	4	12	3	2	2	2	2	2	2	2	2	0	2	8	13	13	7	8	14	8	13	14	7	13	13	3	13	12	8	13	12	4	13	13	1	13	14	4	13	13	2022	12	47	15	3	0	1	0	0	0	0	2	1	0	5	4	1	2	4	4	2	4	4	4	4	4	2	3	3	3	3	3	11	13	356	0	""	30807057098001	1	0	1	9	1	9	3	12	1	0	3571	1	542	7	26	21	14	18	0	7231	1	542	9	14	21	18	21	0	0	0	9	7	4	4	6	13	0	3	8	46	10	7	386	0	1			 	 	 	 	 											0	0	1	3096444679800101	1	9	0	2	4	4	11	4	7	0	9	46	3	0	000	000	13	0	0	79.30406177598884	133.1390680445498	57891.96509647185
1	900002	1	1	4	2	3	1	0	2	2	3071	603	1	5	7	14	0	21	14	21	2	38	6	1	5	0	2	4	9	5	7	9	2	0	0	2	1	0	1	1	0	0	1	0	6	2005	1	7	3	7	7	6	9995	9	7	3	7	7	6	9995	9	7	0	0	0	0	0	0	0	3	0	2	1	5	4	2	2	4	5	5	1	2	3	2	2	2	2	1	0	0	2	2	2	1	9	12	8	14	13	1	14	13	1	14	13	1	13	13	1	13	13	1	13	12	8	13	13	1	13	13	2022	9	38	27	5	0	1	0	0	0	0	2	0	0	5	4	4	4	2	4	4	4	2	2	2	4	2	3	3	3	2	3	11	137	15	0	""	30263978788001	1	0	1	7	6	5	3	12	1	0	2286	1	603	9	17	21	18	21	0	2262	1	626	6	25	21	14	21	0	0	0	81	3	8	4	5	7	45	7	13	10	60	1	564	0	9			 	 	 	 	 											0	0	1	3026397878800101	1	81	0	8	9	4	11	1	7	43	14	46	39	0	000	000	13	0	0	29.07504905383956	158.60812355197768	139202.21304453776
1	900003	1	1	4	6	4	0	0	0	2	7251	599	5	8	9	29	0	21	18	21	2	18	3	1	2	0	1	4	6	8	8	9	4	2	1	0	1	0	1	10	0	1	7	7	0	9995	2	3	2	7	7	6	9995	9	7	3	7	7	6	9995	9	7	0	0	0	0	0	0	0	3	0	1	2	5	5	4	5	2	5	5	4	13	3	2	2	2	2	2	0	0	2	0	2	1	13	13	1	14	12	1	13	13	8	13	12	1	14	13	1	14	14	1	13	13	4	14	12	1	13	12	2022	10	50	30	1	0	1	0	0	0	0	5	1	0	5	2	4	4	4	4	4	4	4	4	4	4	2	3	3	2	3	3	8	5	219	0	""	30607617788001	1	0	1	6	5	5	3	12	1	0	2922	1	344	9	29	21	17	21	0	3571	1	1916	7	29	21	8	18	0	0	0	10	3	9	4	5	8	0	8	9	24	3	3	18	0	9			 	 	 	 	 											0	0	1	3060761778800101	1	10	0	3	1	1	11	6	14	45	8	0	6	0	000	000	13	4	0	61.74112918257687	116.30019621535824	22535.512151640556
1	900004	1	1	2	1	3	0	0	0	2	2922	542	1	4	9	29	0	21	18	18	1	20	14	1	0	9	4	3	4	3	8	3	8	2	0	2	1	1	0	1	0	0	7	1	6	2017	4	7	2	7	7	6	9995	9	7	3	7	7	6	9995	9	7	1	0	0	0	0	0	1	3	0	1	1	5	4	4	2	3	3	4	1	12	1	0	0	2	2	1	2	2	2	2	0	1	14	13	4	13	14	4	13	12	3	14	14	8	13	13	1	13	13	1	8	14	1	13	13	1	8	14	2022	2	8	24	5	0	1	0	0	0	0	2	0	0	1	4	4	4	4	2	4	4	4	4	4	2	2	2	1	3	3	2	11	366	448	0	""	30860347888001	1	0	1	2	6	1	3	12	4	0	7251	1	626	9	14	21	18	21	0	2924	1	344	9	17	21	17	21	0	0	0	22	8	1	4	4	14	43	3	7	0	39	2	300	0	9			 	 	 	 	 											0	0	1	3086034788800101	1	128	0	7	8	4	11	5	8	40	7	24	60	0	000	000	13	0	0	33.28476701113745	61.74112918257687	48595.75983626067
1	900005	1	1	1	3	1	0	1	1	1	2286	1876	1	8	6	26	0	21	6	21	1	13	5	1	0	3	4	3	6	9	8	9	9	2	0	2	0	0	1	1	0	0	3	0	0	9995	9	3	1	7	7	6	9995	9	7	3	7	7	6	9995	9	7	0	0	0	0	0	0	0	0	3	2	1	2	2	4	6	2	5	5	0	2	1	1	0	2	2	2	2	2	2	2	0	3	13	14	7	14	14	1	8	13	1	8	14	1	8	14	3	8	13	8	14	13	1	8	13	8	14	13	2022	11	43	20	1	0	1	0	0	0	0	3	0	0	5	4	4	4	4	4	4	2	4	4	4	4	1	3	3	3	3	3	11	85	44	0	""	30964446798001	1	0	1	7	8	6	3	12	1	0	2252	1	1876	6	25	21	6	21	0	2252	1	301	9	26	21	18	21	0	0	0	128	2	8	1	1	7	40	4	14	46	6	9	230	1	9			 	 	 	 	 											0	0	1	3080705709800101	1	22	0	3	8	4	1	5	13	0	13	10	10	0	000	000	13	0	0	95.34398153735462	381.3759261494185	42449.57161860576
0	900001	1	1	4	3	4	0	0	2	2	7251	1876	5	4	6	14	0	21	18	21	1	13	3	1	5	9	4	7	9	8	8	9	8	2	1	2	0	0	0	1	0	0	1	0	0	2005	1	3	2	7	7	6	9995	9	7	3	7	7	6	9995	9	7	1	0	0	0	0	0	0	3	0	1	1	5	4	4	6	2	5	5	4	13	3	2	2	2	2	2	2	2	2	2	2	8	14	14	8	14	14	8	14	14	8	14	14	8	14	14	8	14	14	8	14	14	8	14	14	8	14	14	2022	12	50	15	5	0	1	0	0	0	0	5	0	0	5	4	4	4	4	4	4	4	4	4	4	4	2	3	3	3	3	3	11	137	219	0	1	30263978788001	1	0	1	7	6	5	3	12	1	0	7251	1	1876	6	14	21	18	21	0	7231	1	301	6	14	21	18	21	0	0	0	81	7	8	4	5	7	45	3	8	24	39	7	386	0	9			 	 	 	 	 											0	0	1	3026397878800101	1	81	0	7	8	4	11	5	7	45	8	24	39	0	000	000	13	0	0	95.34398153735462	381.3759261494185	139202.21304453776
0	900001	1	1	4	3	4	0	0	2	2	7251	1876	5	4	6	14	0	21	18	21	1	13	3	1	5	9	4	7	9	8	8	9	8	2	1	2	0	0	0	1	0	0	1	0	0	2005	1	3	2	7	7	6	9995	9	7	3	7	7	6	9995	9	7	1	0	0	0	0	0	0	3	0	1	1	5	4	4	6	2	5	5	4	13	3	2	2	2	2	2	2	2	2	2	2	8	14	14	8	14	14	8	14	14	8	14	14	8	14	14	8	14	14	8	14	14	8	14	14	8	14	14	2022	12	50	15	5	0	1	0	0	0	0	5	0	0	5	4	4	4	4	4	4	4	4	4	4	4	2	3	3	3	3	3	11	137	219	0	1	30263978788002	2	0	1	13	12	3	3	12	4	0	7231	1	301	6	14	21	18	21	0	7251	1	1876	6	14	21	18	21	0	0	0	83	7	8	4	5	14	50	8	15	53	63	9	12	0	9			 	 	 	 	 											0	0	1	3026397878800201	1	83	0	7	8	4	11	5	14	50	15	53	63	0	000	000	13	0	0	95.34398153735462	381.3759261494185	139202.21304453776
0	900001	1	1	4	3	4	0	0	2	2	7251	1876	5	4	6	14	0	21	18	21	1	13	3	1	5	9	4	7	9	8	8	9	8	2	1	2	0	0	0	1	0	0	1	0	0	2005	1	3	2	7	7	6	9995	9	7	3	7	7	6	9995	9	7	1	0	0	0	0	0	0	3	0	1	1	5	4	4	6	2	5	5	4	13	3	2	2	2	2	2	2	2	2	2	2	8	14	14	8	14	14	8	14	14	8	14	14	8	14	14	8	14	14	8	14	14	8	14	14	8	14	14	2022	12	50	15	5	0	1	0	0	0	0	5	0	0	5	4	4	4	4	4	4	4	4	4	4	4	2	3	3	3	3	3	11	137	219	0	1	30263978788003	3	0	1	1	12	3	3	12	4	0	7251	1	1876	6	14	21	18	21	0	7251	1	1876	6	14	21	18	21	0	0	0	13	3	8	4	5	16	5	9	16	15	10	3	120	0	9			 	 	 	 	 											0	0	1	3026397878800301	1	13	0	3	8	4	11	5	16	5	16	15	10	0	000	000	13	0	0	95.34398153735462	381.3759261494185	139202.21304453776
0	900001	1	1	4	3	4	0	0	2	2	7251	1876	5	4	6	14	0	21	18	21	1	13	3	1	5	9	4	7	9	8	8	9	8	2	1	2	0	0	0	1	0	0	1	0	0	2005	1	3	2	7	7	6	9995	9	7	3	7	7	6	9995	9	7	1	0	0	0	0	0	0	3	0	1	1	5	4	4	6	2	5	5	4	13	3	2	2	2	2	2	2	2	2	2	2	8	14	14	8	14	14	8	14	14	8	14	14	8	14	14	8	14	14	8	14	14	8	14	14	8	14	14	2022	12	50	15	5	0	1	0	0	0	0	5	0	0	5	4	4	4	4	4	4	4	4	4	4	4	2	3	3	3	3	3	11	137	219	0	1	30263978788004	4	0	1	12	11	7	3	12	1	0	7251	1	1876	6	14	21	18	21	0	7251	1	1876	6	14	21	18	21	0	0	0	28	4	9	4	6	18	15	11	18	30	15	4	50	0	9			 	 	 	 	 											0	0	1	3026397878800401	1	28	0	4	9	4	11	6	18	15	18	30	15	0	000	000	13	0	0	95.34398153735462	381.3759261494185	139202.21304453776
0	900001	1	1	4	3	4	0	0	2	2	7251	1876	5	4	6	14	0	21	18	21	1	13	3	1	5	9	4	7	9	8	8	9	8	2	1	2	0	0	0	1	0	0	1	0	0	2005	1	3	2	7	7	6	9995	9	7	3	7	7	6	9995	9	7	1	0	0	0	0	0	0	3	0	1	1	5	4	4	6	2	5	5	4	13	3	2	2	2	2	2	2	2	2	2	2	8	14	14	8	14	14	8	14	14	8	14	14	8	14	14	8	14	14	8	14	14	8	14	14	8	14	14	2022	12	50	15	5	0	1	0	0	0	0	5	0	0	5	4	4	4	4	4	4	4	4	4	4	4	2	3	3	3	3	3	11	137	219	0	1	30263978788005	5	0	1	1	11	7	3	12	4	0	7251	1	1876	6	14	21	18	21	0	7251	1	1876	6	14	21	18	21	0	0	0	14	3	8	4	5	19	20	12	19	30	10	3		0	9			 	 	 	 	 											0	0	1	3026397878800501	1	14	0	3	8	4	11	5	19	20	19	30	10	0	000	000	13	0	0	95.34398153735462	381.3759261494185	139202.21304453776
0	900002	1	1	5	3	3	1	2	0	2	3571	344	1	8	7	17	0	21	18	18	1	38	9	1	3	0	2	4	6	3	8	9	4	2	1	2	1	1	1	1	0	1	1	0	0	2012	2	4	1	7	7	6	9995	9	7	3	7	7	6	9995	9	7	0	0	0	0	0	0	1	3	3	1	2	2	4	4	2	3	5	4	0	2	1	1	0	2	2	1	0	0	2	0	0	1	13	13	7	14	14	1	13	13	7	14	14	1	13	13	1	13	13	1	13	13	1	13	13	1	13	13	2022	11	47	27	1	0	1	0	0	0	0	2	0	0	5	4	4	4	4	4	4	4	4	4	4	4	2	3	3	3	3	3	11	5	15	0	1	30607617788001	1	0	1	6	5	9	3	12	1	0	3571	1	344	7	17	21	18	18	0	3571	1	344	7	17	21	18	18	0	0	0	9	2	8	4	5	14	43	8	14	46	3	1	18	1	9			 	 	 	 	 											0	0	1	3060761778800101	1	9	0	2	8	4	11	5	14	43	14	46	3	0	000	000	13	0	0	29.07504905383956	116.30019621535824	42449.57161860576
0	900002	1	1	5	3	3	1	2	0	2	3571	344	1	8	7	17	0	21	18	18	1	38	9	1	3	0	2	4	6	3	8	9	4	2	1	2	1	1	1	1	0	1	1	0	0	2012	2	4	1	7	7	6	9995	9	7	3	7	7	6	9995	9	7	0	0	0	0	0	0	1	3	3	1	2	2	4	4	2	3	5	4	0	2	1	1	0	2	2	1	0	0	2	0	0	1	13	13	7	14	14	1	13	13	7	14	14	1	13	13	1	13	13	1	13	13	1	13	13	1	13	13	2022	11	47	27	1	0	1	0	0	0	0	2	0	0	5	4	4	4	4	4	4	4	4	4	4	4	2	3	3	3	3	3	11	5	15	0	1	30607617788002	2	0	1	1	5	9	3	12	4	0	3571	1	344	7	17	21	18	18	0	3571	1	344	7	17	21	18	18	0	0	0	6	2	8	4	5	15	4	8	15	6	2	1		1	9			 	 	 	 	 											0	0	1	3060761778800201	1	6	0	2	8	4	11	5	15	4	15	6	2	0	000	000	13	1	0	29.07504905383956	116.30019621535824	42449.57161860576
0	900003	1	1	4	6	4	0	1	1	2	2286	603	1	5	9	26	0	21	6	21	2	18	5	3	0	3	4	3	4	2	7	3	2	0	0	0	0	0	0	10	10	0	7	7	6	9995	9	7	3	7	7	6	9995	9	7	3	7	7	6	9995	9	7	0	0	0	0	0	0	0	8	0	1	1	5	5	5	5	2	5	5	1	12	3	2	2	2	2	2	2	2	2	2	2	3	9	12	4	8	12	4	8	12	3	8	12	3	8	12	3	8	12	4	8	12	4	8	12	4	8	12	2022	9	38	20	3	0	1	0	0	0	0	2	1	0	1	4	4	4	4	4	4	4	4	4	4	4	2	3	3	3	3	3	11	366	448	0	1	30807057098001	1	0	1	7	6	5	3	12	1	0	2286	1	603	9	26	21	6	21	0	2262	1	1916	9	26	21	8	21	0	0	0	128	8	4	4	4	8	0	4	9	0	60	9	300	0	9			 	 	 	 	 											0	0	1	3080705709800101	1	128	0	8	4	4	11	4	8	0	9	0	60	0	000	000	13	4	0	33.28476701113745	133.1390680445498	48595.75983626067
0	900003	1	1	4	6	4	0	1	1	2	2286	603	1	5	9	26	0	21	6	21	2	18	5	3	0	3	4	3	4	2	7	3	2	0	0	0	0	0	0	10	10	0	7	7	6	9995	9	7	3	7	7	6	9995	9	7	3	7	7	6	9995	9	7	0	0	0	0	0	0	0	8	0	1	1	5	5	5	5	2	5	5	1	12	3	2	2	2	2	2	2	2	2	2	2	3	9	12	4	8	12	4	8	12	3	8	12	3	8	12	3	8	12	4	8	12	4	8	12	4	8	12	2022	9	38	20	3	0	1	0	0	0	0	2	1	0	1	4	4	4	4	4	4	4	4	4	4	4	2	3	3	3	3	3	11	366	448	0	1	30807057098002	2	0	1	1	6	5	3	12	4	0	2262	1	1916	9	26	21	8	21	0	2286	1	603	9	26	21	6	21	0	0	0	320	11	7	4	5	14	0	8	19	6	306	11		0	9			 	 	 	 	 											0	0	1	3080705709800201	1	320	0	11	7	4	11	5	14	0	19	6	306	0	000	000	13	6	0	33.28476701113745	133.1390680445498	48595.75983626067
0	900004	1	1	1	1	1	0	0	0	1	3071	599	1	8	9	29	0	21	12	21	1	20	6	1	0	3	4	3	6	5	8	9	9	1	0	1	1	0	1	0	0	0	7	7	6	9995	9	7	3	7	7	6	9995	9	7	3	7	7	6	9995	9	7	0	0	0	0	0	0	0	0	0	2	1	5	2	2	4	4	3	5	1	12	3	2	2	2	2	2	2	2	2	2	2	1	13	13	1	13	13	1	13	13	1	13	13	1	13	13	1	13	13	1	13	13	1	13	13	1	13	13	2022	10	43	30	1	0	1	0	0	0	0	2	1	0	5	4	4	4	4	4	4	4	4	4	4	4	2	3	3	3	3	3	11	85	356	0	1	30860347888001	1	0	1	9	8	6	3	12	4	0	2252	1	626	9	25	21	17	21	0	2252	1	626	9	25	21	17	21	0	0	0	10	3	9	4	6	13	0	7	13	10	10	3	230	0	9			 	 	 	 	 											0	0	1	3086034788800101	1	10	0	3	9	4	11	6	13	0	13	10	10	0	000	000	13	0	0	61.74112918257687	61.74112918257687	22535.512151640556
0	900004	1	1	1	1	1	0	0	0	1	3071	599	1	8	9	29	0	21	12	21	1	20	6	1	0	3	4	3	6	5	8	9	9	1	0	1	1	0	1	0	0	0	7	7	6	9995	9	7	3	7	7	6	9995	9	7	3	7	7	6	9995	9	7	0	0	0	0	0	0	0	0	0	2	1	5	2	2	4	4	3	5	1	12	3	2	2	2	2	2	2	2	2	2	2	1	13	13	1	13	13	1	13	13	1	13	13	1	13	13	1	13	13	1	13	13	1	13	13	1	13	13	2022	10	43	30	1	0	1	0	0	0	0	2	1	0	5	4	4	4	4	4	4	4	4	4	4	4	2	3	3	3	3	3	11	85	356	0	1	30860347888002	2	0	4	1	8	6	3	12	4	0	2252	1	626	9	25	21	17	21	0	3071	1	599	9	29	21	12	21	0	0	0	346	11	5	4	4	17	0	10	18	15	75	9		0	9			 	 	 	 	 											0	0	1	3086034788800201	1	4	0	1	9	4	11	6	17	0	17	5	5	0	000	000	13	0	0	61.74112918257687	61.74112918257687	22535.512151640556
0	900005	6	1	2	2	3	0	0	0	2	2922	542	2	4	9	29	0	21	14	21	2	62	14	1	2	0	1	4	9	9	8	9	9	2	0	2	1	0	1	1	0	0	3	1	0	2017	4	3	2	7	7	6	9995	9	7	3	7	7	6	9995	9	7	0	0	0	0	0	0	0	3	0	2	1	5	3	4	2	3	5	5	4	2	1	0	0	2	2	1	0	0	2	0	0	1	13	13	7	14	14	1	13	13	1	13	13	1	13	13	1	13	13	1	13	13	1	13	13	1	13	13	2022	2	8	24	5	0	1	0	0	0	0	3	0	0	5	2	1	2	2	2	2	2	2	2	2	2	1	2	1	2	2	2	8	13	44	0	1	30964446798001	1	0	1	2	1	1	3	12	1	0	2922	1	542	9	29	21	14	21	0	2924	1	542	9	29	21	14	21	0	0	0	22	3	1	1	1	7	40	3	7	46	6	2	564	0	1			 	 	 	 	 											0	0	1	3096444679800101	1	22	0	3	1	1	1	1	7	40	7	46	6	0	000	000	13	0	0	79.30406177598884	158.60812355197768	57891.96509647185
0	900005	6	1	2	2	3	0	0	0	2	2922	542	2	4	9	29	0	21	14	21	2	62	14	1	2	0	1	4	9	9	8	9	9	2	0	2	1	0	1	1	0	0	3	1	0	2017	4	3	2	7	7	6	9995	9	7	3	7	7	6	9995	9	7	0	0	0	0	0	0	0	3	0	2	1	5	3	4	2	3	5	5	4	2	1	0	0	2	2	1	0	0	2	0	0	1	13	13	7	14	14	1	13	13	1	13	13	1	13	13	1	13	13	1	13	13	1	13	13	1	13	13	2022	2	8	24	5	0	1	0	0	0	0	3	0	0	5	2	1	2	2	2	2	2	2	2	2	2	1	2	1	2	2	2	8	13	44	0	1	30964446798002	2	0	1	13	12	3	3	12	3	0	2924	1	542	9	29	21	14	21	0	2922	1	542	9	29	21	14	21	0	0	0	17	3	1	1	1	17	10	10	17	15	5	2	5	0	9			 	 	 	 	 											0	0	1	3096444679800201	1	17	0	3	1	1	1	1	17	10	17	15	5	0	000	000	13	0	0	79.30406177598884	158.60812355197768	57891.96509647185
0	900005	6	1	2	2	3	0	0	0	2	2922	542	2	4	9	29	0	21	14	21	2	62	14	1	2	0	1	4	9	9	8	9	9	2	0	2	1	0	1	1	0	0	3	1	0	2017	4	3	2	7	7	6	9995	9	7	3	7	7	6	9995	9	7	0	0	0	0	0	0	0	3	0	2	1	5	3	4	2	3	5	5	4	2	1	0	0	2	2	1	0	0	2	0	0	1	13	13	7	14	14	1	13	13	1	13	13	1	13	13	1	13	13	1	13	13	1	13	13	1	13	13	2022	2	8	24	5	0	1	0	0	0	0	3	0	0	5	2	1	2	2	2	2	2	2	2	2	2	1	2	1	2	2	2	8	13	44	0	1	30964446798003	3	0	1	1	12	3	3	12	4	0	2922	1	542	9	29	21	14	21	0	2922	1	542	9	29	21	14	21	0	0	0	5	2	1	1	1	17	20	10	17	22	2	1		0	9			 	 	 	 	 											0	0	1	3096444679800301	1	5	0	2	1	1	1	1	17	20	17	22	2	0	000	000	13	0	0	79.30406177598884	158.60812355197768	57891.96509647185
