OP	OPID	Steekproef	Mode	HHPers	HHSam	HHPlOP	HHLft1	HHLft2	HHLft3	HHLft4	WoPC	WoGem	Sted	GemGr	Prov	Corop	BuurtAdam	MRA	Geslacht	Leeftijd	KLeeft	Herkomst	BetWerk	OnbBez	MaatsPart	Opleiding	HHBestInkG	HHGestInkG	HHLaagInk	HHSocInk	HHWelvG	HHRijbewijsAu	HHRijbewijsMo	HHRijbewijsBr	OPRijbewijsAu	OPRijbewijsMo	OPRijbewijsBr	HHAuto	HHAutoL	OPAuto	BrandstofPa1	XBrandstofPa1	BrandstofEPa1	BouwjaarPa1	KBouwjaarPa1	KGewichtPa1	TenaamPa1	BrandstofPa2	XBrandstofPa2	BrandstofEPa2	BouwjaarPa2	KBouwjaarPa2	KGewichtPa2	TenaamPa2	BrandstofPaL	XBrandstofPaL	BrandstofEPaL	BouwjaarPaL	KBouwjaarPaL	KGewichtPaL	HHMotor	OPMotor	HHBrom	OPBrom	HHSnor	OPSnor	HHEFiets	HHBezitVm	OPBezitVm	FqNEFiets	FqEFiets	FqBTM	FqTrein	FqAutoB	FqAutoP	FqBrSnor	OVStKaart	Jaar	Maand	Week	Dag	Weekdag	Feestdag	Weggeweest	RedenNW	RedenNWZ	RedenNWW	RedenNWB	AantVpl	AantOVVpl	AantSVpl	EFiets	AutoEig	AutoHhL	AutoLWg	AutoLPl	AutoBed	AutoDOrg	AutoDPart	AutoDBek	AutoLeen	AutoHuur	AutoAnd	ByzDag	ByzAdr	ByzVvm	ByzTyd	ByzDuur	ByzRoute	ByzReden	ReisduurOP	AfstandOP	AfstandSOP	Verpl	VerplID	VerplNr	Toer	AantRit	Doel	MotiefV	KMotiefV	MeerWink	AardWerk	VertLoc	VertGeb	VertPC	VertPCBL	VertGem	VertProv	VertCorop	VertMRA	AankGeb	AankPC	AankPCBL	AankGem	AankProv	AankCorop	AankMRA	PCG	GemG	PCBLG	AfstV	KAfstV	Hvm	HvmRol	KHvm	VertUur	VertMin	KVertTijd	AankUur	AankMin	Reisduur	KReisduur	ActDuur	Kind6	VolgWerk	SAantAdr	SDezPlts	SPlaats1	SPlaats2	SPlaats3	SPlaats4	SPlaats5	AfstS	AfstSBL	SVvm1	SVvm2	SVvm3	SVvm4	SBegUur	SBegMin	SEindUur	SEindMin	CorrVerpl	GehBLVer	Rit	RitID	RitNr	AfstR	AfstRBL	KAfstR	Rvm	RvmRol	RAantIn	KRvm	RVertUur	RVertMin	RAankUur	RAankMin	RReisduur	RReisduurBL	RVertStat	RAankStat	RTSamen	RCorrSnelh	RVliegVer	FactorH	FactorP	FactorV
1	900001	1	1	1	3	4	0	0	0	2	2628	503	4	4	2	27	0	18	1	39	4	1	0	2	4	2	8	9	4	9	6	2	0	2	0	0	1	1	0	0	1	0	6	2011	9	7	2	7	0	6	2010	9	5	3	7	7	6	9995	3	3	0	0	0	0	0	0	0	2	0	5	3	2	5	1	2	5	1	2018	1	49	4	7	0	1	0	0	0	0	5	2	0	5	2	1	2	2	2	2	2	2	2	2	2	3	3	3	3	3	2	11	75	170	0	""	5617516699101	1	0	2	1	8	4	1	12	4	0	3319	1	505	11	4	18	0	9104	1	1891	99	16	18	0	0	0	220	10	1	2	1	7	30	3	9	45	20	5	115	0	9			 	 	 	 	 											0	0	1	560821160580101	1	100	0	8	1	2	4	2	9	30	12	45	40	0	000	000	13	0	0	115.60440285573158	142.5912379733934	39314.57285612973
1	900002	1	1	2	3	3	0	1	2	2	9298	505	1	6	9	33	0	18	2	17	9	1	2	3	4	3	1	1	8	9	10	2	0	2	1	0	1	2	0	0	1	0	0	2014	3	2	2	2	7	6	9995	3	7	2	1	7	0	2011	9	7	0	0	0	0	0	0	1	2	0	5	2	5	4	6	2	5	0	2018	5	20	19	1	0	1	0	0	0	0	5	0	0	5	1	2	2	2	2	2	2	2	2	2	2	2	3	3	3	3	3	11	210	288	0	""	5583449317301	1	0	1	11	10	7	1	12	2	0	1131	1	820	9	16	18	0	2628	1	9999	99	4	18	0	0	0	100	3	1	1	2	14	30	5	12	5	40	11	155	0	9			 	 	 	 	 											0	0	1	558685926460101	1	220	0	10	1	1	4	1	10	30	14	10	20	0	000	000	13	0	0	26.927789627486117	107.71115850994447	57535.24717517977
1	900003	1	1	4	2	3	0	0	2	2	4741	79	4	6	6	4	0	18	1	16	17	1	1	1	1	4	2	1	8	9	9	2	0	2	1	0	1	2	1	1	1	7	0	2011	3	1	3	1	7	6	2001	9	7	3	7	7	6	9995	9	7	0	0	0	0	0	0	0	0	0	3	5	3	2	3	5	5	4	2018	3	1	9	5	0	1	0	0	0	0	5	0	0	5	2	1	2	2	2	2	2	2	2	2	2	2	3	3	2	3	3	9	145	342	0	""	5596158756201	1	0	1	12	7	7	3	12	1	0	5671	1	297	6	23	18	0	0000	1	503	6	99	99	0	0	0	1350	15	1	1	2	11	30	8	9	0	30	2	30	0	9			 	 	 	 	 											0	0	1	558344931730101	1	20	0	15	1	1	1	1	14	30	9	20	5	0	000	000	13	0	0	78.81540708928736	462.4176114229263	52045.801860288586
1	900004	1	1	3	3	1	0	0	0	1	5305	297	1	4	9	16	0	18	2	21	6	1	2	3	7	1	8	7	8	10	1	2	1	2	0	0	0	0	0	0	7	0	0	2011	3	1	2	7	0	0	9995	1	3	3	7	0	6	9995	9	7	1	0	0	0	0	0	1	3	0	1	5	3	4	2	2	5	1	2018	10	10	13	7	0	1	0	0	0	0	6	0	0	5	2	1	2	2	2	2	2	2	2	2	2	1	1	2	3	3	3	11	52	1400	0	""	5608211605801	1	0	1	8	7	6	3	12	1	0	9298	1	385	2	36	18	0	5305	1	9999	2	27	99	0	0	0	65	8	1	1	1	10	0	5	10	10	5	7	80	0	9			 	 	 	 	 											0	0	1	559615875620101	1	35	0	4	1	1	3	1	11	0	9	5	10	0	000	000	13	0	0	140.26786235795245	157.63081417857472	168782.4281693681
1	900005	1	1	4	1	4	0	0	0	2	3319	1655	5	3	11	30	0	18	1	77	4	1	0	3	1	4	10	8	9	1	1	1	0	1	1	0	0	2	0	0	1	0	0	9995	4	3	2	7	7	0	9995	9	7	1	7	7	6	9995	9	7	0	0	0	0	0	0	1	2	3	2	5	1	2	2	2	5	0	2018	12	41	5	2	0	1	0	0	0	0	5	0	0	5	2	2	2	2	2	2	2	1	2	2	2	2	3	3	3	2	3	11	90	902	0	""	5586859264601	1	0	1	8	11	4	3	12	1	0	5305	1	79	8	30	8	0	0000	1	297	9	99	18	0	0	0	20	6	1	2	1	9	0	5	15	20	135	7	120	0	9			 	 	 	 	 											0	0	1	561751669910101	1	1350	0	3	1	2	1	2	7	0	10	40	135	0	000	000	13	0	0	142.5912379733934	420.8035870738574	153593.30928195795
0	900001	1	1	4	3	4	0	0	2	2	4741	1655	4	4	11	33	0	18	2	17	4	1	1	3	4	1	10	9	8	9	9	2	1	2	0	0	0	2	0	0	1	0	0	2014	4	2	2	1	0	0	2001	1	3	2	7	7	6	9995	9	7	1	0	0	0	0	0	0	2	0	1	5	3	4	3	2	5	0	2018	1	1	4	5	0	1	0	0	0	0	5	0	0	5	2	1	2	2	2	2	2	2	2	2	2	1	1	2	2	2	2	9	145	902	0	1	5583449317301	1	0	1	8	7	4	1	12	4	0	1131	1	385	8	23	8	0	0000	1	9999	99	99	99	0	0	0	220	10	1	2	2	11	30	5	12	10	40	7	155	0	9			 	 	 	 	 											0	0	1	558344931730101	1	220	0	10	1	2	4	2	11	30	12	10	40	0	000	000	13	0	0	115.60440285573158	462.4176114229263	168782.4281693681
0	900001	1	1	4	3	4	0	0	2	2	4741	1655	4	4	11	33	0	18	2	17	4	1	1	3	4	1	10	9	8	9	9	2	1	2	0	0	0	2	0	0	1	0	0	2014	4	2	2	1	0	0	2001	1	3	2	7	7	6	9995	9	7	1	0	0	0	0	0	0	2	0	1	5	3	4	3	2	5	0	2018	1	1	4	5	0	1	0	0	0	0	5	0	0	5	2	1	2	2	2	2	2	2	2	2	2	1	1	2	2	2	2	9	145	902	0	1	5583449317302	2	0	1	8	7	4	1	12	4	0	0000	1	9999	99	99	99	0	0000	1	9999	99	99	99	0	0	0	203	10	1	2	2	14	45	8	15	20	35	7	70	0	9			 	 	 	 	 											0	0	1	558344931730201	1	203	0	10	1	2	4	2	14	45	15	20	35	0	000	000	13	0	0	115.60440285573158	462.4176114229263	168782.4281693681
0	900001	1	1	4	3	4	0	0	2	2	4741	1655	4	4	11	33	0	18	2	17	4	1	1	3	4	1	10	9	8	9	9	2	1	2	0	0	0	2	0	0	1	0	0	2014	4	2	2	1	0	0	2001	1	3	2	7	7	6	9995	9	7	1	0	0	0	0	0	0	2	0	1	5	3	4	3	2	5	0	2018	1	1	4	5	0	1	0	0	0	0	5	0	0	5	2	1	2	2	2	2	2	2	2	2	2	1	1	2	2	2	2	9	145	902	0	1	5583449317303	3	0	1	9	8	6	3	12	4	0	0000	1	9999	99	99	99	0	1131	1	385	8	23	8	0	0	0	475	12	1	2	2	16	30	9	17	30	60	9	80	0	9			 	 	 	 	 											0	0	1	558344931730301	1	475	0	12	1	2	4	2	16	30	17	30	60	0	000	000	13	0	0	115.60440285573158	462.4176114229263	168782.4281693681
0	900001	1	1	4	3	4	0	0	2	2	4741	1655	4	4	11	33	0	18	2	17	4	1	1	3	4	1	10	9	8	9	9	2	1	2	0	0	0	2	0	0	1	0	0	2014	4	2	2	1	0	0	2001	1	3	2	7	7	6	9995	9	7	1	0	0	0	0	0	0	2	0	1	5	3	4	3	2	5	0	2018	1	1	4	5	0	1	0	0	0	0	5	0	0	5	2	1	2	2	2	2	2	2	2	2	2	1	1	2	2	2	2	9	145	902	0	1	5583449317304	4	0	1	12	11	7	3	12	4	0	1131	1	385	8	23	8	0	1131	1	385	8	23	8	0	0	0	2	1	9	4	6	18	50	11	18	55	5	2	130	0	9			 	 	 	 	 											0	0	1	558344931730401	1	2	0	1	9	4	11	6	18	50	18	55	5	0	000	000	13	0	0	115.60440285573158	462.4176114229263	168782.4281693681
0	900001	1	1	4	3	4	0	0	2	2	4741	1655	4	4	11	33	0	18	2	17	4	1	1	3	4	1	10	9	8	9	9	2	1	2	0	0	0	2	0	0	1	0	0	2014	4	2	2	1	0	0	2001	1	3	2	7	7	6	9995	9	7	1	0	0	0	0	0	0	2	0	1	5	3	4	3	2	5	0	2018	1	1	4	5	0	1	0	0	0	0	5	0	0	5	2	1	2	2	2	2	2	2	2	2	2	1	1	2	2	2	2	9	145	902	0	1	5583449317305	5	0	1	9	8	6	3	12	4	0	1131	1	385	8	23	8	0	1131	1	385	8	23	8	0	0	0	2	1	9	4	6	21	5	13	21	10	5	2		0	9			 	 	 	 	 											0	0	1	558344931730501	1	2	0	1	9	4	11	6	21	5	21	10	5	0	000	000	13	0	0	115.60440285573158	462.4176114229263	168782.4281693681
0	900002	1	1	1	1	1	0	0	0	1	2628	503	1	6	9	27	0	18	1	21	6	1	0	3	4	4	1	1	9	10	1	1	0	1	1	0	1	0	0	0	7	7	6	9995	9	7	3	7	7	6	9995	9	7	3	7	7	6	9995	9	7	0	0	0	0	0	0	0	0	0	3	5	3	2	2	2	5	1	2018	3	10	5	2	0	1	0	0	0	0	5	0	0	5	2	2	2	2	2	2	2	1	2	2	2	2	3	3	3	3	3	11	210	1400	0	1	5586859264601	1	0	1	1	8	6	3	12	2	0	5671	1	820	11	36	18	0	2628	1	503	9	27	18	0	0	0	1350	15	1	1	1	7	30	3	9	45	135	11	30	0	9			 	 	 	 	 											0	0	1	558685926460101	1	1350	0	15	1	1	1	1	7	30	9	45	135	0	000	000	13	0	0	142.5912379733934	142.5912379733934	52045.801860288586
0	900002	1	1	1	1	1	0	0	0	1	2628	503	1	6	9	27	0	18	1	21	6	1	0	3	4	4	1	1	9	10	1	1	0	1	1	0	1	0	0	0	7	7	6	9995	9	7	3	7	7	6	9995	9	7	3	7	7	6	9995	9	7	0	0	0	0	0	0	0	0	0	3	5	3	2	2	2	5	1	2018	3	10	5	2	0	1	0	0	0	0	5	0	0	5	2	2	2	2	2	2	2	1	2	2	2	2	3	3	3	3	3	11	210	1400	0	1	5586859264602	2	0	1	7	6	5	3	12	1	0	2628	1	503	9	27	18	0	2628	1	503	9	27	18	0	0	0	10	3	9	4	6	10	15	5	10	30	15	4	300	0	9			 	 	 	 	 											0	0	1	558685926460201	1	10	0	3	9	4	11	6	10	15	10	30	15	0	000	000	13	0	0	142.5912379733934	142.5912379733934	52045.801860288586
0	900002	1	1	1	1	1	0	0	0	1	2628	503	1	6	9	27	0	18	1	21	6	1	0	3	4	4	1	1	9	10	1	1	0	1	1	0	1	0	0	0	7	7	6	9995	9	7	3	7	7	6	9995	9	7	3	7	7	6	9995	9	7	0	0	0	0	0	0	0	0	0	3	5	3	2	2	2	5	1	2018	3	10	5	2	0	1	0	0	0	0	5	0	0	5	2	2	2	2	2	2	2	1	2	2	2	2	3	3	3	3	3	11	210	1400	0	1	5586859264603	3	0	1	1	6	5	3	12	4	0	2628	1	503	9	27	18	0	2628	1	503	9	27	18	0	0	0	10	3	9	4	6	15	30	8	15	45	15	4	10	0	9			 	 	 	 	 											0	0	1	558685926460301	1	10	0	3	9	4	11	6	15	30	15	45	15	0	000	000	13	0	0	142.5912379733934	142.5912379733934	52045.801860288586
0	900002	1	1	1	1	1	0	0	0	1	2628	503	1	6	9	27	0	18	1	21	6	1	0	3	4	4	1	1	9	10	1	1	0	1	1	0	1	0	0	0	7	7	6	9995	9	7	3	7	7	6	9995	9	7	3	7	7	6	9995	9	7	0	0	0	0	0	0	0	0	0	3	5	3	2	2	2	5	1	2018	3	10	5	2	0	1	0	0	0	0	5	0	0	5	2	2	2	2	2	2	2	1	2	2	2	2	3	3	3	3	3	11	210	1400	0	1	5586859264604	4	0	1	8	7	4	0	12	1	0	2628	1	503	9	27	18	0	2624	1	503	9	27	18	0	0	0	15	3	9	4	6	15	55	8	16	15	20	5	20	0	9			 	 	 	 	 											0	0	1	558685926460401	1	15	0	3	9	4	11	6	15	55	16	15	20	0	000	000	13	0	0	142.5912379733934	142.5912379733934	52045.801860288586
0	900002	1	1	1	1	1	0	0	0	1	2628	503	1	6	9	27	0	18	1	21	6	1	0	3	4	4	1	1	9	10	1	1	0	1	1	0	1	0	0	0	7	7	6	9995	9	7	3	7	7	6	9995	9	7	3	7	7	6	9995	9	7	0	0	0	0	0	0	0	0	0	3	5	3	2	2	2	5	1	2018	3	10	5	2	0	1	0	0	0	0	5	0	0	5	2	2	2	2	2	2	2	1	2	2	2	2	3	3	3	3	3	11	210	1400	0	1	5586859264605	5	0	1	1	7	4	3	12	4	0	2624	1	503	9	27	18	0	2628	1	503	9	27	18	0	0	0	15	3	9	4	6	16	35	9	17	0	25	6		0	9			 	 	 	 	 											0	0	1	558685926460501	1	15	0	3	9	4	11	6	16	35	17	0	25	0	000	000	13	0	0	142.5912379733934	142.5912379733934	52045.801860288586
0	900003	1	1	2	2	3	0	0	0	2	3319	505	1	6	9	30	0	18	1	77	17	1	0	2	7	4	8	8	8	9	10	2	0	2	1	0	1	2	0	1	1	0	0	2011	3	1	2	2	0	0	2010	3	5	1	7	7	6	9995	9	7	0	0	0	0	0	0	1	2	3	5	2	2	4	2	5	5	4	2018	5	20	19	7	0	1	0	0	0	0	5	2	0	5	1	2	2	2	2	2	2	2	2	2	2	2	3	3	3	3	3	11	75	170	0	1	5596158756201	1	0	2	8	7	4	1	12	1	0	3319	1	505	9	30	18	0	0000	1	9999	99	99	99	0	0	0	65	6	1	1	1	14	30	8	15	0	30	7	80	0	9			 	 	 	 	 											0	0	1	559615875620101	1	35	0	4	1	1	1	1	14	30	14	40	10	0	000	000	13	0	0	78.81540708928736	157.63081417857472	57535.24717517977
0	900003	1	1	2	2	3	0	0	0	2	3319	505	1	6	9	30	0	18	1	77	17	1	0	2	7	4	8	8	8	9	10	2	0	2	1	0	1	2	0	1	1	0	0	2011	3	1	2	2	0	0	2010	3	5	1	7	7	6	9995	9	7	0	0	0	0	0	0	1	2	3	5	2	2	4	2	5	5	4	2018	5	20	19	7	0	1	0	0	0	0	5	2	0	5	1	2	2	2	2	2	2	2	2	2	2	2	3	3	3	3	3	11	75	170	0	1	5596158756202	2	0	2	8	7	4	1	12	4	0	0000	1	9999	99	99	99	0	3313	1	505	9	30	18	0	0	0	50	6	3	4	4	16	20	9	16	40	20	5	55	0	9			 	 	 	 	 											0	0	1	559615875620201	1	30	0	4	3	4	11	4	16	20	16	30	10	0	000	000	13	0	0	78.81540708928736	157.63081417857472	57535.24717517977
0	900003	1	1	2	2	3	0	0	0	2	3319	505	1	6	9	30	0	18	1	77	17	1	0	2	7	4	8	8	8	9	10	2	0	2	1	0	1	2	0	1	1	0	0	2011	3	1	2	2	0	0	2010	3	5	1	7	7	6	9995	9	7	0	0	0	0	0	0	1	2	3	5	2	2	4	2	5	5	4	2018	5	20	19	7	0	1	0	0	0	0	5	2	0	5	1	2	2	2	2	2	2	2	2	2	2	2	3	3	3	3	3	11	75	170	0	1	5596158756203	3	0	1	8	7	4	1	12	4	0	3313	1	505	9	30	18	0	3315	1	505	9	30	18	0	0	0	30	4	1	1	1	17	35	10	17	45	10	3	30	0	9			 	 	 	 	 											0	0	1	559615875620301	1	30	0	4	1	1	1	1	17	35	17	45	10	0	000	000	13	0	0	78.81540708928736	157.63081417857472	57535.24717517977
0	900003	1	1	2	2	3	0	0	0	2	3319	505	1	6	9	30	0	18	1	77	17	1	0	2	7	4	8	8	8	9	10	2	0	2	1	0	1	2	0	1	1	0	0	2011	3	1	2	2	0	0	2010	3	5	1	7	7	6	9995	9	7	0	0	0	0	0	0	1	2	3	5	2	2	4	2	5	5	4	2018	5	20	19	7	0	1	0	0	0	0	5	2	0	5	1	2	2	2	2	2	2	2	2	2	2	2	3	3	3	3	3	11	75	170	0	1	5596158756204	4	0	1	8	7	4	0	12	4	0	3315	1	505	9	30	18	0	3319	1	505	9	30	18	0	0	0	20	3	1	1	1	18	15	11	18	25	10	3	25	0	9			 	 	 	 	 											0	0	1	559615875620401	1	20	0	3	1	1	1	1	18	15	18	25	10	0	000	000	13	0	0	78.81540708928736	157.63081417857472	57535.24717517977
0	900003	1	1	2	2	3	0	0	0	2	3319	505	1	6	9	30	0	18	1	77	17	1	0	2	7	4	8	8	8	9	10	2	0	2	1	0	1	2	0	1	1	0	0	2011	3	1	2	2	0	0	2010	3	5	1	7	7	6	9995	9	7	0	0	0	0	0	0	1	2	3	5	2	2	4	2	5	5	4	2018	5	20	19	7	0	1	0	0	0	0	5	2	0	5	1	2	2	2	2	2	2	2	2	2	2	2	3	3	3	3	3	11	75	170	0	1	5596158756205	5	0	1	1	7	4	3	12	4	0	3319	1	505	9	30	18	0	3319	1	505	9	30	18	0	0	0	5	2	1	1	1	18	50	11	18	55	5	2		0	9			 	 	 	 	 											0	0	1	559615875620501	1	5	0	2	1	1	1	1	18	50	18	55	5	0	000	000	13	4	0	78.81540708928736	157.63081417857472	57535.24717517977
0	900004	1	1	4	3	4	0	0	2	2	9298	79	5	3	2	4	0	18	1	16	4	1	2	3	1	2	8	7	8	9	6	2	0	2	0	0	0	2	1	0	1	0	0	2011	3	3	2	7	7	6	9995	9	7	3	1	0	0	2011	3	3	0	0	0	0	0	0	1	2	0	2	5	1	2	6	2	5	1	2018	10	41	13	7	0	1	0	0	0	0	6	0	0	5	2	1	2	2	2	2	2	2	2	2	2	3	3	3	3	3	3	11	90	342	0	1	5608211605801	1	0	1	11	10	7	3	12	1	0	9298	1	79	2	4	18	0	9104	1	1891	2	4	18	0	0	0	100	8	1	2	2	10	0	5	10	20	20	5	120	0	9			 	 	 	 	 											0	0	1	560821160580101	1	100	0	8	1	2	3	2	10	0	10	20	20	0	000	000	13	0	0	26.927789627486117	107.71115850994447	39314.57285612973
0	900004	1	1	4	3	4	0	0	2	2	9298	79	5	3	2	4	0	18	1	16	4	1	2	3	1	2	8	7	8	9	6	2	0	2	0	0	0	2	1	0	1	0	0	2011	3	3	2	7	7	6	9995	9	7	3	1	0	0	2011	3	3	0	0	0	0	0	0	1	2	0	2	5	1	2	6	2	5	1	2018	10	41	13	7	0	1	0	0	0	0	6	0	0	5	2	1	2	2	2	2	2	2	2	2	2	3	3	3	3	3	3	11	90	342	0	1	5608211605802	2	0	1	1	10	7	3	12	4	0	9104	1	1891	2	4	18	0	9298	1	79	2	4	18	0	0	0	100	8	1	2	2	12	20	6	12	40	20	5	35	0	9			 	 	 	 	 											0	0	1	560821160580201	1	100	0	8	1	2	3	2	12	20	12	40	20	0	000	000	13	0	0	26.927789627486117	107.71115850994447	39314.57285612973
0	900004	1	1	4	3	4	0	0	2	2	9298	79	5	3	2	4	0	18	1	16	4	1	2	3	1	2	8	7	8	9	6	2	0	2	0	0	0	2	1	0	1	0	0	2011	3	3	2	7	7	6	9995	9	7	3	1	0	0	2011	3	3	0	0	0	0	0	0	1	2	0	2	5	1	2	6	2	5	1	2018	10	41	13	7	0	1	0	0	0	0	6	0	0	5	2	1	2	2	2	2	2	2	2	2	2	3	3	3	3	3	3	11	90	342	0	1	5608211605803	3	0	1	11	10	7	3	12	1	0	9298	1	79	2	4	18	0	9298	1	79	2	4	18	0	0	0	8	2	8	4	5	13	15	7	13	20	5	2	190	0	9			 	 	 	 	 											0	0	1	560821160580301	1	8	0	2	8	4	11	5	13	15	13	20	5	0	000	000	13	0	0	26.927789627486117	107.71115850994447	39314.57285612973
0	900004	1	1	4	3	4	0	0	2	2	9298	79	5	3	2	4	0	18	1	16	4	1	2	3	1	2	8	7	8	9	6	2	0	2	0	0	0	2	1	0	1	0	0	2011	3	3	2	7	7	6	9995	9	7	3	1	0	0	2011	3	3	0	0	0	0	0	0	1	2	0	2	5	1	2	6	2	5	1	2018	10	41	13	7	0	1	0	0	0	0	6	0	0	5	2	1	2	2	2	2	2	2	2	2	2	3	3	3	3	3	3	11	90	342	0	1	5608211605804	4	0	1	1	10	7	3	12	4	0	9298	1	79	2	4	18	0	9298	1	79	2	4	18	0	0	0	8	2	8	4	5	16	30	9	16	35	5	2	55	0	9			 	 	 	 	 											0	0	1	560821160580401	1	8	0	2	8	4	11	5	16	30	16	35	5	0	000	000	13	0	0	26.927789627486117	107.71115850994447	39314.57285612973
0	900004	1	1	4	3	4	0	0	2	2	9298	79	5	3	2	4	0	18	1	16	4	1	2	3	1	2	8	7	8	9	6	2	0	2	0	0	0	2	1	0	1	0	0	2011	3	3	2	7	7	6	9995	9	7	3	1	0	0	2011	3	3	0	0	0	0	0	0	1	2	0	2	5	1	2	6	2	5	1	2018	10	41	13	7	0	1	0	0	0	0	6	0	0	5	2	1	2	2	2	2	2	2	2	2	2	3	3	3	3	3	3	11	90	342	0	1	5608211605805	5	0	1	2	1	1	3	12	1	0	9298	1	79	2	4	18	0	9291	1	79	2	4	18	0	0	0	63	6	8	4	5	17	30	10	17	50	20	5	210	0	1			 	 	 	 	 											0	0	1	560821160580501	1	63	0	6	8	4	11	5	17	30	17	50	20	0	000	000	13	0	0	26.927789627486117	107.71115850994447	39314.57285612973
0	900004	1	1	4	3	4	0	0	2	2	9298	79	5	3	2	4	0	18	1	16	4	1	2	3	1	2	8	7	8	9	6	2	0	2	0	0	0	2	1	0	1	0	0	2011	3	3	2	7	7	6	9995	9	7	3	1	0	0	2011	3	3	0	0	0	0	0	0	1	2	0	2	5	1	2	6	2	5	1	2018	10	41	13	7	0	1	0	0	0	0	6	0	0	5	2	1	2	2	2	2	2	2	2	2	2	3	3	3	3	3	3	11	90	342	0	1	5608211605806	6	0	1	1	1	1	3	12	3	0	9291	1	79	2	4	18	0	9298	1	79	2	4	18	0	0	0	63	6	8	4	5	21	20	13	21	40	20	5		0	9			 	 	 	 	 											0	0	1	560821160580601	1	63	0	6	8	4	11	5	21	20	21	40	20	0	000	000	13	0	0	26.927789627486117	107.71115850994447	39314.57285612973
0	900005	1	1	3	3	3	0	1	0	2	5305	297	4	4	6	16	0	18	2	39	9	1	2	1	1	3	2	1	4	1	1	2	0	2	1	0	1	1	0	0	1	0	0	2011	3	1	2	7	7	6	9995	9	7	3	7	7	6	9995	9	7	0	0	0	0	0	0	1	3	0	5	3	5	5	1	2	5	0	2018	12	49	9	1	0	1	0	0	0	0	5	0	0	5	2	1	2	2	2	2	2	2	2	2	2	2	3	3	3	3	3	11	52	288	0	1	5617516699101	1	0	1	12	11	7	3	12	1	0	5305	1	297	6	16	18	0	5305	1	297	6	16	18	0	0	0	20	3	1	1	1	9	0	5	9	5	5	2	115	0	9			 	 	 	 	 											0	0	1	561751669910101	1	20	0	3	1	1	4	1	9	0	9	5	5	0	000	000	13	0	0	140.26786235795245	420.8035870738574	153593.30928195795
0	900005	1	1	3	3	3	0	1	0	2	5305	297	4	4	6	16	0	18	2	39	9	1	2	1	1	3	2	1	4	1	1	2	0	2	1	0	1	1	0	0	1	0	0	2011	3	1	2	7	7	6	9995	9	7	3	7	7	6	9995	9	7	0	0	0	0	0	0	1	3	0	5	3	5	5	1	2	5	0	2018	12	49	9	1	0	1	0	0	0	0	5	0	0	5	2	1	2	2	2	2	2	2	2	2	2	2	3	3	3	3	3	11	52	288	0	1	5617516699102	2	0	1	9	8	6	3	12	4	0	5305	1	297	6	16	18	0	4261	1	738	11	34	18	0	0	0	130	8	1	1	1	11	0	5	11	20	20	5	85	0	9			 	 	 	 	 											0	0	1	561751669910201	1	130	0	8	1	1	4	1	11	0	11	20	20	0	000	000	13	0	0	140.26786235795245	420.8035870738574	153593.30928195795
0	900005	1	1	3	3	3	0	1	0	2	5305	297	4	4	6	16	0	18	2	39	9	1	2	1	1	3	2	1	4	1	1	2	0	2	1	0	1	1	0	0	1	0	0	2011	3	1	2	7	7	6	9995	9	7	3	7	7	6	9995	9	7	0	0	0	0	0	0	1	3	0	5	3	5	5	1	2	5	0	2018	12	49	9	1	0	1	0	0	0	0	5	0	0	5	2	1	2	2	2	2	2	2	2	2	2	2	3	3	3	3	3	11	52	288	0	1	5617516699103	3	0	1	1	8	6	3	12	4	0	4261	1	738	11	34	18	0	5305	1	297	6	16	18	0	0	0	130	8	1	1	1	12	45	6	13	0	15	4	180	0	9			 	 	 	 	 											0	0	1	561751669910301	1	130	0	8	1	1	4	1	12	45	13	0	15	0	000	000	13	0	0	140.26786235795245	420.8035870738574	153593.30928195795
0	900005	1	1	3	3	3	0	1	0	2	5305	297	4	4	6	16	0	18	2	39	9	1	2	1	1	3	2	1	4	1	1	2	0	2	1	0	1	1	0	0	1	0	0	2011	3	1	2	7	7	6	9995	9	7	3	7	7	6	9995	9	7	0	0	0	0	0	0	1	3	0	5	3	5	5	1	2	5	0	2018	12	49	9	1	0	1	0	0	0	0	5	0	0	5	2	1	2	2	2	2	2	2	2	2	2	2	3	3	3	3	3	11	52	288	0	1	5617516699104	4	0	1	12	11	7	3	12	1	0	5305	1	297	6	16	18	0	5305	1	297	6	16	18	0	0	0	4	1	9	4	6	16	0	9	16	2	2	1	59	0	9			 	 	 	 	 											0	0	1	561751669910401	1	4	0	1	9	4	11	6	16	0	16	2	2	0	000	000	13	2	0	140.26786235795245	420.8035870738574	153593.30928195795
0	900005	1	1	3	3	3	0	1	0	2	5305	297	4	4	6	16	0	18	2	39	9	1	2	1	1	3	2	1	4	1	1	2	0	2	1	0	1	1	0	0	1	0	0	2011	3	1	2	7	7	6	9995	9	7	3	7	7	6	9995	9	7	0	0	0	0	0	0	1	3	0	5	3	5	5	1	2	5	0	2018	12	49	9	1	0	1	0	0	0	0	5	0	0	5	2	1	2	2	2	2	2	2	2	2	2	2	3	3	3	3	3	11	52	288	0	1	5617516699105	5	0	1	1	11	7	3	12	4	0	5305	1	297	6	16	18	0	5305	1	297	6	16	18	0	0	0	4	1	9	4	6	17	1	10	17	11	10	3		0	9			 	 	 	 	 											0	0	1	561751669910501	1	4	0	1	9	4	11	6	17	1	17	11	10	0	000	000	13	0	0	140.26786235795245	420.8035870738574	153593.30928195795
