OP	OPID	Steekproef	Mode	HHPers	HHSam	HHPlOP	HHLft1	HHLft2	HHLft3	HHLft4	WoPC	WoGem	Sted	GemGr	Prov	Corop	BuurtAdam	MRA	MRDH	Utr	Geslacht	Leeftijd	KLeeft	Herkomst	BetWerk	OnbBez	MaatsPart	Opleiding	HHBestInkG	HHGestInkG	HHLaagInk	HHSocInk	HHWelvG	HHRijbewijsAu	HHRijbewijsMo	HHRijbewijsBr	OPRijbewijsAu	OPRijbewijsMo	OPRijbewijsBr	HHAuto	HHAutoL	OPAuto	BrandstofPa1	XBrandstofPa1	BrandstofEPa1	BouwjaarPa1	KBouwjaarPa1	KGewichtPa1	TenaamPa1	BrandstofPa2	XBrandstofPa2	BrandstofEPa2	BouwjaarPa2	KBouwjaarPa2	KGewichtPa2	TenaamPa2	BrandstofPaL	XBrandstofPaL	BrandstofEPaL	BouwjaarPaL	KBouwjaarPaL	KGewichtPaL	HHMotor	OPMotor	HHBrom	OPBrom	HHSnor	OPSnor	HHEFiets	HHBezitVm	OPBezitVm	FqLopen	FqNEFiets	FqEFiets	FqBTM	FqTrein	FqAutoB	FqAutoP	FqBrSnor	FqMotor	OVStKaart	Jaar	Maand	Week	Dag	Weekdag	Feestdag	Weggeweest	RedenNW	RedenNWZ	RedenNWW	RedenNWB	AantVpl	AantOVVpl	AantSVpl	EFiets	AutoEig	AutoHhL	AutoLWg	AutoLPl	AutoBed	AutoDOrg	AutoDPart	AutoDBek	AutoLeen	AutoHuur	AutoAnd	ByzDag	ByzAdr	ByzVvm	ByzTyd	ByzDuur	ByzRoute	ByzReden	ReisduurOP	AfstandOP	AfstandSOP	Verpl	VerplID	VerplNr	Toer	AantRit	Doel	MotiefV	KMotiefV	MeerWink	AardWerk	VertLoc	VertGeb	VertPC	VertPCBL	VertGem	VertProv	VertCorop	VertMRA	VertMRDH	VertUtr	AankGeb	AankPC	AankPCBL	AankGem	AankProv	AankCorop	AankMRA	AankMRDH	AankUtr	PCG	GemG	PCBLG	AfstV	KAfstV	Hvm	HvmRol	KHvm	VertUur	VertMin	KVertTijd	AankUur	AankMin	Reisduur	KReisduur	ActDuur	Kind6	VolgWerk	SAantAdr	SDezPlts	SPlaats1	SPlaats2	SPlaats3	SPlaats4	SPlaats5	AfstS	AfstSBL	SVvm1	SVvm2	SVvm3	SVvm4	SBegUur	SBegMin	SEindUur	SEindMin	CorrVerpl	GehBLVer	Rit	RitID	RitNr	AfstR	AfstRBL	KAfstR	Rvm	RvmRol	RAantIn	KRvm	RVertUur	RVertMin	RAankUur	RAankMin	RReisduur	RReisduurBL	RVertStat	RAankStat	RTSamen	RCorrSnelh	RVliegVer	FactorH	FactorP	FactorV
1	900001	1	1	1	1	1	0	0	0	1	4331	687	1	8	7	32	0	9	18	21	1	35	7	3	3	3	1	4	1	8	8	10	10	3	0	3	1	0	1	1	0	0	2	0	0	2011	9	2	2	7	7	6	9995	9	7	3	7	7	0	9994	9	4	0	0	0	0	0	0	0	3	0	1	5	3	5	4	2	4	5	5	0	2021	1	36	7	5	0	1	0	0	0	0	6	0	0	5	1	1	4	4	2	4	2	2	2	2	4	2	3	3	3	3	3	11	35	230	0	""	6519628023401	1	0	1	2	1	4	0	12	1	0	3741	1	479	7	29	20	18	21	0	1507	1	546	9	29	9	18	21	0	0	0	28	4	9	4	7	7	30	3	9	25	10	3	90	0	2			 	 	 	 	 											0	0	1	653891711000101	1	170	0	4	8	1	11	6	7	30	8	25	10	0	000	000	13	0	0	340.0342984115291	117.91840060568235	124112.51892020812
1	900002	1	1	3	1	1	0	0	0	1	3741	479	2	7	10	29	0	20	17	21	2	27	5	1	3	4	2	2	11	10	8	9	9	2	0	1	1	0	0	1	1	0	7	7	6	9995	9	2	3	7	7	6	9995	9	7	3	1	0	0	2021	9	7	0	0	0	0	0	0	0	7	0	5	5	5	5	3	5	2	5	5	4	2021	9	1	12	1	0	1	0	0	0	0	2	0	0	5	4	2	2	4	4	2	2	2	4	4	2	3	3	3	3	3	3	11	119	210	0	""	6538917110001	1	0	1	8	1	1	3	12	1	0	2312	1	308	10	25	20	10	13	0	2315	1	308	7	25	20	17	13	0	0	0	170	2	8	1	5	7	0	5	8	10	10	7	20	0	1			 	 	 	 	 											0	0	1	653888386870101	1	28	0	9	9	1	1	1	8	30	8	0	30	0	000	000	13	0	0	28.313926692048266	84.9417800761448	82852.40012013889
1	900003	8	1	1	3	3	0	0	0	2	3067	308	1	4	9	17	0	20	18	13	2	57	9	1	0	0	6	4	10	11	9	3	5	1	0	2	0	0	1	1	1	1	1	7	6	2016	2	7	3	7	7	6	9995	9	7	3	7	0	6	9995	9	3	0	0	0	0	0	0	1	3	0	1	3	1	5	3	1	4	5	5	0	2021	9	36	11	3	0	1	0	0	0	0	2	0	0	5	2	4	2	2	2	2	4	4	2	2	4	3	3	3	3	3	3	11	20	340	0	""	6541325171401	1	0	1	2	10	1	3	12	1	0	3067	1	599	8	22	20	17	21	0	4334	1	687	10	32	20	18	21	0	0	0	9	3	1	4	1	7	30	4	7	0	30	8	80	0	9			 	 	 	 	 											0	0	1	651962802340101	1	20	0	3	19	4	11	5	9	0	7	10	55	0	000	000	13	0	0	490.72382163195516	226.99287704147642	43040.21622107406
1	900004	4	1	1	3	1	0	0	0	1	2312	546	2	6	8	25	0	20	10	21	2	18	9	2	2	0	4	3	9	6	6	9	11	0	1	1	1	0	1	0	0	0	7	7	0	9995	9	7	3	7	7	6	9995	9	7	3	7	7	6	9995	7	7	0	0	0	0	0	0	0	3	0	2	5	5	3	5	1	4	5	5	1	2021	10	42	19	7	0	1	0	0	0	0	5	0	0	5	2	1	2	2	4	2	2	4	4	4	2	2	3	3	3	3	3	11	125	34	0	""	6538883868701	1	0	1	2	1	1	3	12	1	0	4331	1	687	9	17	9	18	21	0	2983	1	597	8	17	20	18	21	0	0	0	20	9	19	1	1	9	30	3	8	40	10	3	155	0	1			 	 	 	 	 											0	0	1	654132517140101	1	20	0	2	1	4	1	1	7	30	8	40	10	0	000	000	13	0	0	75.6642923471588	340.0342984115291	31003.74972779285
1	900005	1	1	3	1	4	0	0	1	3	1507	599	2	4	9	22	0	20	18	21	2	38	13	1	1	0	2	2	4	1	8	9	1	1	0	0	1	0	1	1	0	0	7	0	6	9995	4	7	1	7	7	6	9995	9	7	3	1	7	6	9995	8	7	0	0	0	0	0	0	0	3	3	1	2	5	3	5	3	1	5	5	0	2021	3	10	12	6	0	1	0	0	0	0	4	0	0	5	4	4	4	2	2	4	4	2	2	2	2	2	3	3	3	3	3	11	41	40	0	""	6513788733201	1	0	1	11	7	7	3	12	1	0	1507	1	546	9	32	20	18	21	0	3741	1	479	9	22	20	16	21	0	0	0	20	3	1	4	6	8	30	3	8	40	55	3	695	0	9			 	 	 	 	 											0	0	1	651378873320101	1	9	0	3	1	4	11	7	7	30	9	40	10	0	000	000	13	0	0	117.91840060568235	490.72382163195516	179114.19489566365
0	900001	1	1	1	1	1	0	0	0	1	3067	599	1	8	9	29	0	20	10	21	1	38	9	2	3	0	2	4	11	11	9	10	11	1	0	1	1	0	1	1	1	0	7	7	6	9995	9	7	3	7	7	6	9995	9	7	3	1	0	0	2021	7	3	0	0	0	0	0	0	0	3	0	2	5	1	3	3	3	1	5	5	0	2021	1	1	7	5	0	1	0	0	0	0	2	0	0	5	4	4	4	4	4	4	4	4	4	4	4	2	3	3	3	3	3	11	119	340	0	1	6513788733201	1	0	1	2	1	1	3	12	1	0	3067	1	599	9	29	20	10	21	0	2983	1	597	9	29	20	16	21	0	0	0	170	9	8	4	5	7	30	3	8	25	55	8	695	0	1			 	 	 	 	 											0	0	1	651378873320101	1	170	0	9	8	4	11	5	7	30	8	25	55	0	000	000	13	0	0	117.91840060568235	117.91840060568235	43040.21622107406
0	900001	1	1	1	1	1	0	0	0	1	3067	599	1	8	9	29	0	20	10	21	1	38	9	2	3	0	2	4	11	11	9	10	11	1	0	1	1	0	1	1	1	0	7	7	6	9995	9	7	3	7	7	6	9995	9	7	3	1	0	0	2021	7	3	0	0	0	0	0	0	0	3	0	2	5	1	3	3	3	1	5	5	0	2021	1	1	7	5	0	1	0	0	0	0	2	0	0	5	4	4	4	4	4	4	4	4	4	4	4	2	3	3	3	3	3	11	119	340	0	1	6513788733202	2	0	1	1	1	1	3	12	3	0	2983	1	597	9	29	20	16	21	0	3067	1	599	9	29	20	10	21	0	0	0	170	9	8	4	5	20	0	13	21	4	64	9		0	9			 	 	 	 	 											0	0	1	651378873320201	1	170	0	9	8	4	11	5	20	0	21	4	64	0	000	000	13	2	0	117.91840060568235	117.91840060568235	43040.21622107406
0	900002	1	1	1	1	1	0	0	0	1	4331	687	2	4	10	32	0	20	18	21	2	27	7	1	3	0	2	4	4	6	8	9	5	1	0	1	1	0	1	1	0	1	2	0	0	2011	2	2	1	7	7	6	9995	9	7	3	7	7	6	9995	9	7	0	0	0	0	0	0	0	3	3	1	3	5	5	5	1	4	5	5	0	2021	3	10	12	6	0	1	0	0	0	0	5	0	0	5	1	2	2	2	2	2	2	2	2	2	2	3	3	3	3	3	3	11	41	210	0	1	6519628023401	1	0	1	2	1	1	3	12	1	0	4331	1	687	10	32	20	18	21	0	4334	1	687	10	32	20	18	21	0	0	0	28	4	1	1	1	7	30	3	7	40	10	3	80	0	2			 	 	 	 	 											0	0	1	651962802340101	1	28	0	4	1	1	1	1	7	30	7	40	10	0	000	000	13	0	0	340.0342984115291	340.0342984115291	124112.51892020812
0	900002	1	1	1	1	1	0	0	0	1	4331	687	2	4	10	32	0	20	18	21	2	27	7	1	3	0	2	4	4	6	8	9	5	1	0	1	1	0	1	1	0	1	2	0	0	2011	2	2	1	7	7	6	9995	9	7	3	7	7	6	9995	9	7	0	0	0	0	0	0	0	3	3	1	3	5	5	5	1	4	5	5	0	2021	3	10	12	6	0	1	0	0	0	0	5	0	0	5	1	2	2	2	2	2	2	2	2	2	2	3	3	3	3	3	3	11	41	210	0	1	6519628023402	2	0	1	2	1	1	3	12	3	0	4334	1	687	10	32	20	18	21	0	4385	1	718	10	32	20	18	21	0	0	0	69	6	1	1	1	9	0	5	9	10	10	3	210	0	3			 	 	 	 	 											0	0	1	651962802340201	1	69	0	6	1	1	1	1	9	0	9	10	10	0	000	000	13	0	0	340.0342984115291	340.0342984115291	124112.51892020812
0	900002	1	1	1	1	1	0	0	0	1	4331	687	2	4	10	32	0	20	18	21	2	27	7	1	3	0	2	4	4	6	8	9	5	1	0	1	1	0	1	1	0	1	2	0	0	2011	2	2	1	7	7	6	9995	9	7	3	7	7	6	9995	9	7	0	0	0	0	0	0	0	3	3	1	3	5	5	5	1	4	5	5	0	2021	3	10	12	6	0	1	0	0	0	0	5	0	0	5	1	2	2	2	2	2	2	2	2	2	2	3	3	3	3	3	3	11	41	210	0	1	6519628023403	3	0	1	1	1	1	3	12	3	0	4385	1	718	10	32	20	18	21	0	4331	1	687	10	32	20	18	21	0	0	0	61	6	1	1	1	12	40	6	12	50	10	3	220	0	9			 	 	 	 	 											0	0	1	651962802340301	1	61	0	6	1	1	1	1	12	40	12	50	10	0	000	000	13	0	0	340.0342984115291	340.0342984115291	124112.51892020812
0	900002	1	1	1	1	1	0	0	0	1	4331	687	2	4	10	32	0	20	18	21	2	27	7	1	3	0	2	4	4	6	8	9	5	1	0	1	1	0	1	1	0	1	2	0	0	2011	2	2	1	7	7	6	9995	9	7	3	7	7	6	9995	9	7	0	0	0	0	0	0	0	3	3	1	3	5	5	5	1	4	5	5	0	2021	3	10	12	6	0	1	0	0	0	0	5	0	0	5	1	2	2	2	2	2	2	2	2	2	2	3	3	3	3	3	3	11	41	210	0	1	6519628023404	4	0	1	8	7	4	1	12	1	0	4331	1	687	10	32	20	18	21	0	4336	1	687	10	32	20	18	21	0	0	0	26	4	1	1	1	16	30	9	16	36	6	2	39	0	9			 	 	 	 	 											0	0	1	651962802340401	1	26	0	4	1	1	1	1	16	30	16	36	6	0	000	000	13	0	0	340.0342984115291	340.0342984115291	124112.51892020812
0	900002	1	1	1	1	1	0	0	0	1	4331	687	2	4	10	32	0	20	18	21	2	27	7	1	3	0	2	4	4	6	8	9	5	1	0	1	1	0	1	1	0	1	2	0	0	2011	2	2	1	7	7	6	9995	9	7	3	7	7	6	9995	9	7	0	0	0	0	0	0	0	3	3	1	3	5	5	5	1	4	5	5	0	2021	3	10	12	6	0	1	0	0	0	0	5	0	0	5	1	2	2	2	2	2	2	2	2	2	2	3	3	3	3	3	3	11	41	210	0	1	6519628023405	5	0	1	1	7	4	3	12	4	0	4336	1	687	10	32	20	18	21	0	4331	1	687	10	32	20	18	21	0	0	0	26	4	1	1	1	17	15	10	17	20	5	2		0	9			 	 	 	 	 											0	0	1	651962802340501	1	26	0	4	1	1	1	1	17	15	17	20	5	0	000	000	13	0	0	340.0342984115291	340.0342984115291	124112.51892020812
0	900003	4	1	3	3	3	0	0	1	2	1507	479	2	7	8	22	0	9	18	21	2	57	13	3	2	0	1	2	9	8	8	9	9	2	0	2	1	0	1	1	0	0	1	0	0	2016	4	2	2	7	7	6	9995	9	7	3	7	7	6	9995	9	7	0	0	0	0	0	0	0	3	0	1	5	5	5	4	1	4	5	5	4	2021	9	36	12	1	0	1	0	0	0	0	2	0	0	5	2	1	2	2	2	2	2	2	2	2	2	2	3	3	3	3	3	11	20	40	0	1	6538883868701	1	0	1	8	7	4	0	12	1	0	1507	1	479	8	22	9	18	21	0	1507	1	479	8	22	9	18	21	0	0	0	20	3	1	1	1	9	0	5	9	10	10	3	20	0	9			 	 	 	 	 											0	0	1	653888386870101	1	20	0	3	1	1	1	1	9	0	9	10	10	0	000	000	13	0	0	75.6642923471588	226.99287704147642	82852.40012013889
0	900003	4	1	3	3	3	0	0	1	2	1507	479	2	7	8	22	0	9	18	21	2	57	13	3	2	0	1	2	9	8	8	9	9	2	0	2	1	0	1	1	0	0	1	0	0	2016	4	2	2	7	7	6	9995	9	7	3	7	7	6	9995	9	7	0	0	0	0	0	0	0	3	0	1	5	5	5	4	1	4	5	5	4	2021	9	36	12	1	0	1	0	0	0	0	2	0	0	5	2	1	2	2	2	2	2	2	2	2	2	2	3	3	3	3	3	11	20	40	0	1	6538883868702	2	0	1	1	7	4	3	12	4	0	1507	1	479	8	22	9	18	21	0	1507	1	479	8	22	9	18	21	0	0	0	20	3	1	1	1	9	30	5	9	40	10	3		0	9			 	 	 	 	 											0	0	1	653888386870201	1	20	0	3	1	1	1	1	9	30	9	40	10	0	000	000	13	0	0	75.6642923471588	226.99287704147642	82852.40012013889
0	900004	8	1	3	3	4	0	0	0	3	3741	308	2	4	7	17	0	20	18	13	2	18	5	1	1	3	4	3	10	10	8	9	10	3	1	3	1	0	1	1	1	0	7	7	6	9995	9	7	3	7	7	6	9995	9	7	3	1	0	0	9994	8	4	0	0	0	0	0	0	0	3	0	1	2	5	3	3	2	2	5	5	1	2021	9	36	11	7	0	1	0	0	0	0	6	0	0	5	2	1	2	2	2	2	2	2	2	2	2	3	3	3	3	3	3	11	125	230	0	1	6538917110001	1	0	1	11	10	7	3	12	1	0	3741	1	308	7	17	20	18	13	0	3741	1	308	7	17	20	18	13	0	0	0	20	3	9	4	6	7	30	3	8	0	30	7	90	0	9			 	 	 	 	 											0	0	1	653891711000101	1	20	0	3	9	4	11	6	7	30	8	0	30	0	000	000	13	0	0	28.313926692048266	84.9417800761448	31003.74972779285
0	900004	8	1	3	3	4	0	0	0	3	3741	308	2	4	7	17	0	20	18	13	2	18	5	1	1	3	4	3	10	10	8	9	10	3	1	3	1	0	1	1	1	0	7	7	6	9995	9	7	3	7	7	6	9995	9	7	3	1	0	0	9994	8	4	0	0	0	0	0	0	0	3	0	1	2	5	3	3	2	2	5	5	1	2021	9	36	11	7	0	1	0	0	0	0	6	0	0	5	2	1	2	2	2	2	2	2	2	2	2	3	3	3	3	3	3	11	125	230	0	1	6538917110002	2	0	1	1	10	7	3	12	4	0	3741	1	308	7	17	20	18	13	0	3741	1	308	7	17	20	18	13	0	0	0	30	4	9	4	6	9	30	5	10	0	30	7	60	0	9			 	 	 	 	 											0	0	1	653891711000201	1	30	0	4	9	4	11	6	9	30	10	0	30	0	000	000	13	0	0	28.313926692048266	84.9417800761448	31003.74972779285
0	900004	8	1	3	3	4	0	0	0	3	3741	308	2	4	7	17	0	20	18	13	2	18	5	1	1	3	4	3	10	10	8	9	10	3	1	3	1	0	1	1	1	0	7	7	6	9995	9	7	3	7	7	6	9995	9	7	3	1	0	0	9994	8	4	0	0	0	0	0	0	0	3	0	1	2	5	3	3	2	2	5	5	1	2021	9	36	11	7	0	1	0	0	0	0	6	0	0	5	2	1	2	2	2	2	2	2	2	2	2	3	3	3	3	3	3	11	125	230	0	1	6538917110003	3	0	1	8	7	4	0	12	1	0	3741	1	308	7	17	20	18	13	0	0000	1	9999	99	99	99	99	99	0	0	0	60	6	1	1	1	11	0	5	11	20	20	5	25	0	9			 	 	 	 	 											0	0	1	653891711000301	1	60	0	6	1	1	1	1	11	0	11	20	20	0	000	000	13	0	0	28.313926692048266	84.9417800761448	31003.74972779285
0	900004	8	1	3	3	4	0	0	0	3	3741	308	2	4	7	17	0	20	18	13	2	18	5	1	1	3	4	3	10	10	8	9	10	3	1	3	1	0	1	1	1	0	7	7	6	9995	9	7	3	7	7	6	9995	9	7	3	1	0	0	9994	8	4	0	0	0	0	0	0	0	3	0	1	2	5	3	3	2	2	5	5	1	2021	9	36	11	7	0	1	0	0	0	0	6	0	0	5	2	1	2	2	2	2	2	2	2	2	2	3	3	3	3	3	3	11	125	230	0	1	6538917110004	4	0	1	1	7	4	3	12	4	0	0000	1	9999	99	99	99	99	99	0	3741	1	308	7	17	20	18	13	0	0	0	60	6	1	1	1	11	45	5	12	0	15	4	120	0	9			 	 	 	 	 											0	0	1	653891711000401	1	60	0	6	1	1	1	1	11	45	12	0	15	0	000	000	13	0	0	28.313926692048266	84.9417800761448	31003.74972779285
0	900004	8	1	3	3	4	0	0	0	3	3741	308	2	4	7	17	0	20	18	13	2	18	5	1	1	3	4	3	10	10	8	9	10	3	1	3	1	0	1	1	1	0	7	7	6	9995	9	7	3	7	7	6	9995	9	7	3	1	0	0	9994	8	4	0	0	0	0	0	0	0	3	0	1	2	5	3	3	2	2	5	5	1	2021	9	36	11	7	0	1	0	0	0	0	6	0	0	5	2	1	2	2	2	2	2	2	2	2	2	3	3	3	3	3	3	11	125	230	0	1	6538917110005	5	0	1	9	8	6	3	12	1	0	3741	1	308	7	17	20	18	13	0	0000	1	9999	99	99	99	99	99	0	0	0	30	4	8	4	5	14	0	8	14	15	15	4	255	0	9			 	 	 	 	 											0	0	1	653891711000501	1	30	0	4	8	4	11	5	14	0	14	15	15	0	000	000	13	0	0	28.313926692048266	84.9417800761448	31003.74972779285
0	900004	8	1	3	3	4	0	0	0	3	3741	308	2	4	7	17	0	20	18	13	2	18	5	1	1	3	4	3	10	10	8	9	10	3	1	3	1	0	1	1	1	0	7	7	6	9995	9	7	3	7	7	6	9995	9	7	3	1	0	0	9994	8	4	0	0	0	0	0	0	0	3	0	1	2	5	3	3	2	2	5	5	1	2021	9	36	11	7	0	1	0	0	0	0	6	0	0	5	2	1	2	2	2	2	2	2	2	2	2	3	3	3	3	3	3	11	125	230	0	1	6538917110006	6	0	1	1	8	6	3	12	4	0	0000	1	9999	99	99	99	99	99	0	3741	1	308	7	17	20	18	13	0	0	0	30	4	8	4	5	18	30	11	18	45	15	4		0	9			 	 	 	 	 											0	0	1	653891711000601	1	30	0	4	8	4	11	5	18	30	18	45	15	0	000	000	13	0	0	28.313926692048266	84.9417800761448	31003.74972779285
0	900005	1	1	1	1	1	0	0	0	1	2312	546	1	6	9	25	0	20	17	21	2	35	9	1	0	4	6	2	1	1	6	3	1	0	0	0	0	0	0	0	0	0	7	7	6	9995	9	7	3	7	7	6	9995	9	7	3	7	7	6	9995	9	7	0	0	0	0	0	0	1	7	0	5	5	3	5	5	5	4	5	5	0	2021	10	42	19	3	0	1	0	0	0	0	4	0	0	5	4	4	4	4	4	4	4	4	4	4	4	2	3	3	3	3	3	11	35	34	0	1	6541325171401	1	0	1	2	1	1	3	12	1	0	2312	1	546	9	25	20	17	21	0	2315	1	546	9	25	20	17	21	0	0	0	9	2	19	4	7	8	30	4	8	40	10	3	155	0	1			 	 	 	 	 											0	0	1	654132517140101	1	9	0	2	19	4	11	7	8	30	8	40	10	0	000	000	13	0	0	490.72382163195516	490.72382163195516	179114.19489566365
0	900005	1	1	1	1	1	0	0	0	1	2312	546	1	6	9	25	0	20	17	21	2	35	9	1	0	4	6	2	1	1	6	3	1	0	0	0	0	0	0	0	0	0	7	7	6	9995	9	7	3	7	7	6	9995	9	7	3	7	7	6	9995	9	7	0	0	0	0	0	0	1	7	0	5	5	3	5	5	5	4	5	5	0	2021	10	42	19	3	0	1	0	0	0	0	4	0	0	5	4	4	4	4	4	4	4	4	4	4	4	2	3	3	3	3	3	11	35	34	0	1	6541325171402	2	0	1	1	1	1	3	12	3	0	2315	1	546	9	25	20	17	21	0	2312	1	546	9	25	20	17	21	0	0	0	9	2	19	4	7	11	15	5	11	20	5	2	250	0	9			 	 	 	 	 											0	0	1	654132517140201	1	9	0	2	19	4	11	7	11	15	11	20	5	0	000	000	13	0	0	490.72382163195516	490.72382163195516	179114.19489566365
0	900005	1	1	1	1	1	0	0	0	1	2312	546	1	6	9	25	0	20	17	21	2	35	9	1	0	4	6	2	1	1	6	3	1	0	0	0	0	0	0	0	0	0	7	7	6	9995	9	7	3	7	7	6	9995	9	7	3	7	7	6	9995	9	7	0	0	0	0	0	0	1	7	0	5	5	3	5	5	5	4	5	5	0	2021	10	42	19	3	0	1	0	0	0	0	4	0	0	5	4	4	4	4	4	4	4	4	4	4	4	2	3	3	3	3	3	11	35	34	0	1	6541325171403	3	0	1	9	8	6	3	12	1	0	2312	1	546	9	25	20	17	21	0	2315	1	546	9	25	20	17	21	0	0	0	8	2	19	4	7	15	30	8	15	40	10	3	170	0	9			 	 	 	 	 											0	0	1	654132517140301	1	8	0	2	19	4	11	7	15	30	15	40	10	0	000	000	13	0	0	490.72382163195516	490.72382163195516	179114.19489566365
0	900005	1	1	1	1	1	0	0	0	1	2312	546	1	6	9	25	0	20	17	21	2	35	9	1	0	4	6	2	1	1	6	3	1	0	0	0	0	0	0	0	0	0	7	7	6	9995	9	7	3	7	7	6	9995	9	7	3	7	7	6	9995	9	7	0	0	0	0	0	0	1	7	0	5	5	3	5	5	5	4	5	5	0	2021	10	42	19	3	0	1	0	0	0	0	4	0	0	5	4	4	4	4	4	4	4	4	4	4	4	2	3	3	3	3	3	11	35	34	0	1	6541325171404	4	0	1	1	8	6	3	12	4	0	2315	1	546	9	25	20	17	21	0	2312	1	546	9	25	20	17	21	0	0	0	8	2	19	4	7	18	30	11	18	40	10	3		0	9			 	 	 	 	 											0	0	1	654132517140401	1	8	0	2	19	4	11	7	18	30	18	40	10	0	000	000	13	0	0	490.72382163195516	490.72382163195516	179114.19489566365
