OP	OPID	Steekproef	Mode	HHPers	HHSam	HHPlOP	HHLft1	HHLft2	HHLft3	HHLft4	WoPC	WoGem	Sted	GemGr	Prov	Corop	BuurtAdam	MRA	MRDH	SPL	Utr	Geslacht	Leeftijd	KLeeft	Herkomst	BetWerk	OnbBez	MaatsPart	Opleiding	HHBestInkG	HHGestInkG	HHLaagInk	HHSocInk	HHWelvG	HHRijbewijsAu	HHRijbewijsMo	HHRijbewijsBr	OPRijbewijsAu	OPRijbewijsMo	OPRijbewijsBr	HHAuto	HHAutoL	OPAuto	BrandstofPa1	XBrandstofPa1	BrandstofEPa1	BouwjaarPa1	KBouwjaarPa1	KGewichtPa1	TenaamPa1	BrandstofPa2	XBrandstofPa2	BrandstofEPa2	BouwjaarPa2	KBouwjaarPa2	KGewichtPa2	TenaamPa2	BrandstofPaL	XBrandstofPaL	BrandstofEPaL	BouwjaarPaL	KBouwjaarPaL	KGewichtPaL	HHMotor	OPMotor	HHBrom	OPBrom	HHSnor	OPSnor	HHEFiets	HHBezitVm	OPBezitVm	FqNEFiets	FqEFiets	FqBTM	FqTrein	FqAutoB	FqAutoP	FqBrSnor	OVStKaart	Jaar	Maand	Week	Dag	Weekdag	Feestdag	Weggeweest	RedenNW	RedenNWZ	RedenNWW	RedenNWB	AantVpl	AantOVVpl	AantSVpl	EFiets	AutoEig	AutoHhL	AutoLWg	AutoLPl	AutoBed	AutoDOrg	AutoDPart	AutoDBek	AutoLeen	AutoHuur	AutoAnd	ByzDag	ByzAdr	ByzVvm	ByzTyd	ByzDuur	ByzRoute	ByzReden	ReisduurOP	AfstandOP	AfstandSOP	Verpl	VerplID	VerplNr	Toer	AantRit	Doel	MotiefV	KMotiefV	MeerWink	AardWerk	VertLoc	VertGeb	VertPC	VertPCBL	VertGem	VertProv	VertCorop	VertMRA	VertMRDH	VertSPL	VertUtr	AankGeb	AankPC	AankPCBL	AankGem	AankProv	AankCorop	AankMRA	AankMRDH	AankSPL	AankUtr	PCG	GemG	PCBLG	AfstV	KAfstV	Hvm	HvmRol	KHvm	VertUur	VertMin	KVertTijd	AankUur	AankMin	Reisduur	KReisduur	ActDuur	Kind6	VolgWerk	SAantAdr	SDezPlts	SPlaats1	SPlaats2	SPlaats3	SPlaats4	SPlaats5	AfstS	AfstSBL	SVvm1	SVvm2	SVvm3	SVvm4	SBegUur	SBegMin	SEindUur	SEindMin	CorrVerpl	GehBLVer	Rit	RitID	RitNr	AfstR	AfstRBL	KAfstR	Rvm	RvmRol	RAantIn	KRvm	RVertUur	RVertMin	RAankUur	RAankMin	RReisduur	RReisduurBL	RVertStat	RAankStat	RTSamen	RCorrSnelh	RVliegVer	FactorH	FactorP	FactorV
1	900001	1	1	1	3	4	0	0	0	2	1111	384	2	7	9	23	0	18	5	6	21	1	54	6	1	3	3	4	3	10	4	8	9	5	2	0	4	1	0	1	3	0	0	2	7	6	2018	9	4	1	2	7	0	9995	9	5	2	7	7	6	9995	9	4	0	0	0	0	0	0	0	2	3	3	2	5	4	2	3	5	4	2020	7	6	28	7	0	1	0	0	0	0	4	0	0	5	4	4	2	2	2	4	2	4	2	2	2	1	3	2	2	3	3	9	204	1996	0	""	6216158343901	1	0	1	11	1	7	3	12	1	0	1065	1	1783	4	27	12	5	6	21	0	7461	1	243	9	26	18	5	6	21	0	0	0	212	2	9	1	6	7	45	3	7	45	15	2	60	0	9			 	 	 	 	 											0	0	1	623441491660101	1	350	0	11	1	2	11	6	10	45	7	5	5	0	000	000	13	0	0	67.00872768205107	133.06647565536355	83212.76661480532
1	900002	4	1	5	3	3	0	2	0	2	2295	1742	3	4	8	23	0	12	18	6	21	1	52	12	1	3	0	2	7	6	10	8	9	10	2	0	1	0	0	1	2	0	0	1	0	0	2016	3	1	1	7	0	6	9995	4	7	2	7	7	6	2019	9	7	0	0	0	0	1	0	1	1	3	2	2	2	5	1	3	3	1	2020	11	22	8	5	0	1	0	0	0	0	2	0	0	5	1	1	4	2	2	2	4	2	4	2	2	1	1	3	2	3	1	11	45	754	0	""	6234414916601	1	0	1	12	11	1	3	12	4	0	7615	1	363	9	23	18	18	6	21	0	3846	1	1783	9	13	18	18	6	21	0	0	0	50	11	5	2	4	7	15	3	7	45	5	7	100	0	1			 	 	 	 	 											0	0	1	622238414830101	1	190	0	2	9	1	11	1	7	15	10	20	30	0	000	000	13	0	0	56.83932145820036	457.3232170061246	48702.330089863055
1	900003	1	1	4	3	4	0	1	0	4	2152	1783	2	4	6	27	0	18	18	6	21	1	9	10	1	3	0	2	3	10	10	8	9	9	1	1	2	1	0	1	1	0	1	1	0	0	9995	4	1	3	7	7	0	2016	9	7	3	7	7	0	9995	9	7	1	0	0	0	0	0	0	2	0	2	5	5	4	1	2	5	4	2020	2	30	26	1	0	1	0	0	0	0	2	0	0	5	2	2	1	2	2	2	2	2	2	2	4	1	3	2	2	2	2	4	105	265	0	""	6207178387901	1	0	1	9	10	6	3	12	2	0	3843	1	183	8	12	18	18	6	21	0	1018	1	363	8	23	18	18	6	21	0	0	0	190	9	1	4	2	7	45	3	10	20	35	9	540	0	9			 	 	 	 	 											0	0	1	621615834390101	1	50	0	6	9	4	2	1	7	45	7	35	20	0	000	000	13	0	0	91.46464340122492	268.0349107282043	167380.2974242416
1	900004	1	1	5	3	1	0	2	0	1	3843	243	1	4	4	13	0	18	18	6	21	2	42	2	1	5	0	2	4	4	6	8	9	5	3	0	3	1	0	1	0	0	1	1	0	0	2010	5	5	2	7	7	6	9995	9	1	3	7	0	6	9995	6	7	0	0	2	0	0	0	0	3	0	1	5	4	5	5	3	5	4	2020	5	47	17	3	0	1	0	0	0	0	6	2	0	5	1	2	2	4	2	2	2	2	2	2	2	2	1	2	3	2	3	11	110	92	0	""	6222384148301	1	0	3	2	1	1	3	12	1	0	2295	1	243	8	13	18	18	6	21	0	2717	1	637	4	27	18	18	6	21	0	0	0	350	6	1	1	1	7	0	5	8	0	30	4	570	0	9			 	 	 	 	 											0	0	1	620341996960101	1	8	0	9	1	4	1	6	7	0	8	45	35	0	000	000	13	0	0	133.06647565536355	227.35728583280144	98100.77732652277
1	900005	1	1	4	1	3	1	0	1	3	7451	394	3	6	8	12	0	13	18	6	21	2	21	12	1	0	9	4	3	8	6	8	9	5	3	0	2	1	0	0	2	1	1	7	0	0	2013	2	7	2	1	0	6	2012	3	7	3	1	7	6	9995	9	7	0	0	0	0	0	0	1	0	3	5	5	5	4	6	2	5	4	2020	2	8	20	5	0	1	0	0	0	0	5	0	0	5	2	2	2	2	4	2	2	2	2	4	2	2	1	3	3	2	2	4	47	401	0	""	6203419969601	1	0	1	2	8	7	3	12	1	0	2152	1	394	6	23	4	18	6	21	0	2295	1	1742	6	12	1	7	6	21	0	0	0	5	10	1	4	1	10	15	3	8	35	60	7	70	0	4			 	 	 	 	 											0	0	1	620717838790101	1	5	0	2	1	1	1	2	7	15	8	0	15	0	000	000	13	0	0	66.2834789738763	265.1339158955052	97039.0132177549
0	900001	1	1	4	3	4	0	2	0	2	2152	394	2	7	8	23	0	12	18	6	21	2	9	2	1	5	9	4	7	10	10	8	9	9	2	0	2	0	0	0	1	0	0	1	0	0	2016	4	5	2	7	7	6	9995	9	7	3	7	7	6	9995	9	7	0	0	0	0	0	0	0	3	0	1	5	4	4	6	2	5	4	2020	2	6	8	7	0	1	0	0	0	0	5	0	0	5	2	1	2	2	2	2	2	2	2	2	2	1	1	2	2	2	2	4	110	754	0	1	6203419969601	1	0	1	11	10	7	3	12	1	0	2152	1	394	8	23	12	18	6	21	0	2717	1	637	9	26	18	7	6	21	0	0	0	350	11	1	2	2	7	0	3	7	35	35	7	100	0	9			 	 	 	 	 											0	0	1	620341996960101	1	350	0	11	1	2	2	2	7	0	7	35	35	0	000	000	13	0	0	67.00872768205107	268.0349107282043	98100.77732652277
0	900001	1	1	4	3	4	0	2	0	2	2152	394	2	7	8	23	0	12	18	6	21	2	9	2	1	5	9	4	7	10	10	8	9	9	2	0	2	0	0	0	1	0	0	1	0	0	2016	4	5	2	7	7	6	9995	9	7	3	7	7	6	9995	9	7	0	0	0	0	0	0	0	3	0	1	5	4	4	6	2	5	4	2020	2	6	8	7	0	1	0	0	0	0	5	0	0	5	2	1	2	2	2	2	2	2	2	2	2	1	1	2	2	2	2	4	110	754	0	1	6203419969602	2	0	1	1	10	7	3	12	4	0	2717	1	637	9	26	18	7	6	21	0	2152	1	394	8	23	12	18	6	21	0	0	0	350	11	1	2	2	9	15	5	9	50	35	7	190	0	9			 	 	 	 	 											0	0	1	620341996960201	1	350	0	11	1	2	2	2	9	15	9	50	35	0	000	000	13	0	0	67.00872768205107	268.0349107282043	98100.77732652277
0	900001	1	1	4	3	4	0	2	0	2	2152	394	2	7	8	23	0	12	18	6	21	2	9	2	1	5	9	4	7	10	10	8	9	9	2	0	2	0	0	0	1	0	0	1	0	0	2016	4	5	2	7	7	6	9995	9	7	3	7	7	6	9995	9	7	0	0	0	0	0	0	0	3	0	1	5	4	4	6	2	5	4	2020	2	6	8	7	0	1	0	0	0	0	5	0	0	5	2	1	2	2	2	2	2	2	2	2	2	1	1	2	2	2	2	4	110	754	0	1	6203419969603	3	1	1	10	9	8	3	12	1	0	2152	1	394	8	23	12	18	6	21	0	2152	1	394	8	23	12	18	6	21	0	0	0	30	4	24	4	7	13	0	7	13	30	30	7	150	0	9			 	 	 	 	 											0	0	1	620341996960301	1	30	0	4	24	4	11	7	13	0	13	30	30	0	000	000	13	0	0	67.00872768205107	268.0349107282043	98100.77732652277
0	900001	1	1	4	3	4	0	2	0	2	2152	394	2	7	8	23	0	12	18	6	21	2	9	2	1	5	9	4	7	10	10	8	9	9	2	0	2	0	0	0	1	0	0	1	0	0	2016	4	5	2	7	7	6	9995	9	7	3	7	7	6	9995	9	7	0	0	0	0	0	0	0	3	0	1	5	4	4	6	2	5	4	2020	2	6	8	7	0	1	0	0	0	0	5	0	0	5	2	1	2	2	2	2	2	2	2	2	2	1	1	2	2	2	2	4	110	754	0	1	6203419969604	4	0	1	8	7	4	0	12	4	0	2152	1	394	8	23	12	18	6	21	0	2151	1	394	8	23	12	18	6	21	0	0	0	12	3	8	4	5	16	0	9	16	5	5	2	10	0	9			 	 	 	 	 											0	0	1	620341996960401	1	12	0	3	8	4	11	5	16	0	16	5	5	0	000	000	13	0	0	67.00872768205107	268.0349107282043	98100.77732652277
0	900001	1	1	4	3	4	0	2	0	2	2152	394	2	7	8	23	0	12	18	6	21	2	9	2	1	5	9	4	7	10	10	8	9	9	2	0	2	0	0	0	1	0	0	1	0	0	2016	4	5	2	7	7	6	9995	9	7	3	7	7	6	9995	9	7	0	0	0	0	0	0	0	3	0	1	5	4	4	6	2	5	4	2020	2	6	8	7	0	1	0	0	0	0	5	0	0	5	2	1	2	2	2	2	2	2	2	2	2	1	1	2	2	2	2	4	110	754	0	1	6203419969605	5	0	1	1	7	4	3	12	4	0	2151	1	394	8	23	12	18	6	21	0	2152	1	394	8	23	12	18	6	21	0	0	0	12	3	8	4	5	16	15	9	16	20	5	2		0	9			 	 	 	 	 											0	0	1	620341996960501	1	12	0	3	8	4	11	5	16	15	16	20	5	0	000	000	13	0	0	67.00872768205107	268.0349107282043	98100.77732652277
0	900002	4	1	1	1	1	0	0	0	1	1111	384	1	4	8	23	0	13	18	6	21	1	54	12	1	3	0	2	3	4	6	8	9	5	1	0	1	1	0	1	0	0	0	7	7	6	9995	9	7	3	7	7	6	9995	9	7	3	7	7	6	9995	9	7	0	0	0	0	0	0	0	0	0	2	5	2	4	5	3	5	4	2020	2	8	20	5	0	1	0	0	0	0	2	2	0	5	4	4	4	4	4	4	4	4	4	4	4	2	3	3	3	3	3	11	105	401	0	1	6207178387901	1	0	3	2	1	1	3	12	2	0	1065	1	363	8	23	4	18	6	21	0	1018	1	363	8	23	1	18	6	21	0	0	0	212	10	5	4	4	7	45	3	8	45	60	9	540	0	1			 	 	 	 	 											0	0	1	620717838790101	1	8	0	2	9	4	11	6	7	45	8	5	20	0	000	000	13	0	0	133.06647565536355	133.06647565536355	48702.330089863055
0	900002	4	1	1	1	1	0	0	0	1	1111	384	1	4	8	23	0	13	18	6	21	1	54	12	1	3	0	2	3	4	6	8	9	5	1	0	1	1	0	1	0	0	0	7	7	6	9995	9	7	3	7	7	6	9995	9	7	3	7	7	6	9995	9	7	0	0	0	0	0	0	0	0	0	2	5	2	4	5	3	5	4	2020	2	8	20	5	0	1	0	0	0	0	2	2	0	5	4	4	4	4	4	4	4	4	4	4	4	2	3	3	3	3	3	11	105	401	0	1	6207178387902	2	0	3	1	1	1	3	12	3	0	1018	1	363	8	23	1	18	6	21	0	1111	1	384	8	23	13	18	6	21	0	0	0	189	9	4	4	4	17	45	10	18	30	45	8		0	9			 	 	 	 	 											0	0	1	620717838790201	1	4	0	1	9	4	11	6	17	45	17	50	5	0	000	000	13	0	0	133.06647565536355	133.06647565536355	48702.330089863055
0	900003	1	1	5	3	4	0	0	1	4	7451	1742	3	4	4	12	0	18	18	6	21	1	21	6	1	0	3	4	4	10	10	8	9	10	3	1	4	1	0	1	3	0	1	2	0	0	2013	3	4	2	2	0	0	2012	3	5	2	7	7	6	9995	9	7	1	0	2	0	0	0	0	1	3	2	5	5	4	1	2	3	1	2020	5	22	28	5	0	1	0	0	0	0	2	0	0	5	1	2	2	2	2	2	2	2	2	2	2	2	3	3	3	3	3	11	45	265	0	1	6216158343901	1	0	1	12	11	7	3	12	4	0	7615	1	183	4	12	18	18	6	21	0	7461	1	1742	4	12	18	18	6	21	0	0	0	190	9	1	1	1	7	15	3	7	45	30	7	570	0	9			 	 	 	 	 											0	0	1	621615834390101	1	190	0	9	1	1	1	1	7	15	7	45	30	0	000	000	13	0	0	91.46464340122492	457.3232170061246	167380.2974242416
0	900003	1	1	5	3	4	0	0	1	4	7451	1742	3	4	4	12	0	18	18	6	21	1	21	6	1	0	3	4	4	10	10	8	9	10	3	1	4	1	0	1	3	0	1	2	0	0	2013	3	4	2	2	0	0	2012	3	5	2	7	7	6	9995	9	7	1	0	2	0	0	0	0	1	3	2	5	5	4	1	2	3	1	2020	5	22	28	5	0	1	0	0	0	0	2	0	0	5	1	2	2	2	2	2	2	2	2	2	2	2	3	3	3	3	3	11	45	265	0	1	6216158343902	2	0	1	1	11	7	3	12	4	0	7461	1	1742	4	12	18	18	6	21	0	7451	1	1742	4	12	18	18	6	21	0	0	0	75	7	1	1	1	17	15	10	17	30	15	4		0	9			 	 	 	 	 											0	0	1	621615834390201	1	75	0	7	1	1	1	1	17	15	17	30	15	0	000	000	13	0	0	91.46464340122492	457.3232170061246	167380.2974242416
0	900004	1	1	4	3	3	0	1	0	3	2295	1783	3	6	9	27	0	18	5	6	21	2	52	12	1	3	0	2	3	6	4	8	9	5	3	0	3	1	0	1	2	0	1	1	0	0	2018	5	1	1	1	0	0	2016	4	1	2	7	7	6	9995	9	7	0	0	0	0	1	0	1	2	3	5	2	5	5	2	3	5	4	2020	7	30	26	1	0	1	0	0	0	0	6	0	0	5	1	2	2	2	2	2	2	2	2	2	2	1	1	2	2	2	2	4	47	92	0	1	6222384148301	1	0	1	9	8	6	3	12	1	0	2295	1	1783	9	27	18	5	6	21	0	2295	1	1783	9	27	18	5	6	21	0	0	0	5	2	9	4	6	10	15	5	10	20	5	2	70	0	9			 	 	 	 	 											0	0	1	622238414830101	1	5	0	2	9	4	11	6	10	15	10	20	5	0	000	000	13	0	0	56.83932145820036	227.35728583280144	83212.76661480532
0	900004	1	1	4	3	3	0	1	0	3	2295	1783	3	6	9	27	0	18	5	6	21	2	52	12	1	3	0	2	3	6	4	8	9	5	3	0	3	1	0	1	2	0	1	1	0	0	2018	5	1	1	1	0	0	2016	4	1	2	7	7	6	9995	9	7	0	0	0	0	1	0	1	2	3	5	2	5	5	2	3	5	4	2020	7	30	26	1	0	1	0	0	0	0	6	0	0	5	1	2	2	2	2	2	2	2	2	2	2	1	1	2	2	2	2	4	47	92	0	1	6222384148302	2	0	1	11	10	7	3	12	4	0	2295	1	1783	9	27	18	5	6	21	0	2283	1	603	9	26	18	6	6	21	0	0	0	40	5	1	1	1	11	30	5	11	50	20	5	250	0	9			 	 	 	 	 											0	0	1	622238414830201	1	40	0	5	1	1	3	1	11	30	11	50	20	0	000	000	13	0	0	56.83932145820036	227.35728583280144	83212.76661480532
0	900004	1	1	4	3	3	0	1	0	3	2295	1783	3	6	9	27	0	18	5	6	21	2	52	12	1	3	0	2	3	6	4	8	9	5	3	0	3	1	0	1	2	0	1	1	0	0	2018	5	1	1	1	0	0	2016	4	1	2	7	7	6	9995	9	7	0	0	0	0	1	0	1	2	3	5	2	5	5	2	3	5	4	2020	7	30	26	1	0	1	0	0	0	0	6	0	0	5	1	2	2	2	2	2	2	2	2	2	2	1	1	2	2	2	2	4	47	92	0	1	6222384148303	3	0	1	9	8	6	3	12	4	0	2283	1	603	9	26	18	6	6	21	0	2295	1	1783	9	27	18	5	6	21	0	0	0	40	5	1	1	1	16	0	9	16	15	15	4	195	0	9			 	 	 	 	 											0	0	1	622238414830301	1	40	0	5	1	1	3	1	16	0	16	15	15	0	000	000	13	0	0	56.83932145820036	227.35728583280144	83212.76661480532
0	900004	1	1	4	3	3	0	1	0	3	2295	1783	3	6	9	27	0	18	5	6	21	2	52	12	1	3	0	2	3	6	4	8	9	5	3	0	3	1	0	1	2	0	1	1	0	0	2018	5	1	1	1	0	0	2016	4	1	2	7	7	6	9995	9	7	0	0	0	0	1	0	1	2	3	5	2	5	5	2	3	5	4	2020	7	30	26	1	0	1	0	0	0	0	6	0	0	5	1	2	2	2	2	2	2	2	2	2	2	1	1	2	2	2	2	4	47	92	0	1	6222384148304	4	0	1	1	8	6	3	12	4	0	2295	1	1783	9	27	18	5	6	21	0	2295	1	1783	9	27	18	5	6	21	0	0	0	5	2	9	4	6	19	30	12	19	35	5	2	25	0	9			 	 	 	 	 											0	0	1	622238414830401	1	5	0	2	9	4	11	6	19	30	19	35	5	0	000	000	13	0	0	56.83932145820036	227.35728583280144	83212.76661480532
0	900004	1	1	4	3	3	0	1	0	3	2295	1783	3	6	9	27	0	18	5	6	21	2	52	12	1	3	0	2	3	6	4	8	9	5	3	0	3	1	0	1	2	0	1	1	0	0	2018	5	1	1	1	0	0	2016	4	1	2	7	7	6	9995	9	7	0	0	0	0	1	0	1	2	3	5	2	5	5	2	3	5	4	2020	7	30	26	1	0	1	0	0	0	0	6	0	0	5	1	2	2	2	2	2	2	2	2	2	2	1	1	2	2	2	2	4	47	92	0	1	6222384148305	5	0	1	9	8	6	3	12	1	0	2295	1	1783	9	27	18	5	6	21	0	2295	1	1783	9	27	18	5	6	21	0	0	0	1	1	9	4	6	20	0	13	20	1	1	1	44	0	9			 	 	 	 	 											0	0	1	622238414830501	1	1	0	1	9	4	11	6	20	0	20	1	1	0	000	000	13	0	0	56.83932145820036	227.35728583280144	83212.76661480532
0	900004	1	1	4	3	3	0	1	0	3	2295	1783	3	6	9	27	0	18	5	6	21	2	52	12	1	3	0	2	3	6	4	8	9	5	3	0	3	1	0	1	2	0	1	1	0	0	2018	5	1	1	1	0	0	2016	4	1	2	7	7	6	9995	9	7	0	0	0	0	1	0	1	2	3	5	2	5	5	2	3	5	4	2020	7	30	26	1	0	1	0	0	0	0	6	0	0	5	1	2	2	2	2	2	2	2	2	2	2	1	1	2	2	2	2	4	47	92	0	1	6222384148306	6	0	1	1	8	6	3	12	4	0	2295	1	1783	9	27	18	5	6	21	0	2295	1	1783	9	27	18	5	6	21	0	0	0	1	1	9	4	6	20	45	13	20	46	1	1		0	9			 	 	 	 	 											0	0	1	622238414830601	1	1	0	1	9	4	11	6	20	45	20	46	1	0	000	000	13	0	0	56.83932145820036	227.35728583280144	83212.76661480532
0	900005	1	1	5	3	3	1	2	0	2	3843	243	2	4	6	13	0	18	18	6	21	1	42	10	1	3	0	2	3	8	6	8	9	5	2	0	2	1	0	1	2	1	1	1	0	0	2010	2	1	1	7	7	6	9995	9	7	3	1	0	0	2019	6	4	0	0	0	0	0	0	1	2	3	3	2	5	5	1	3	5	4	2020	11	47	17	3	0	1	0	0	0	0	4	0	0	5	2	2	1	2	2	2	2	2	2	2	2	1	1	2	2	2	1	9	204	1996	0	1	6234414916601	1	0	1	2	1	1	3	12	1	0	3843	1	243	6	13	18	18	6	21	0	3846	1	243	6	13	18	18	6	21	0	0	0	50	6	1	1	1	7	45	3	8	0	15	4	60	0	4			 	 	 	 	 											0	0	1	623441491660101	1	50	0	6	1	1	1	1	7	45	8	0	15	0	000	000	13	0	0	66.2834789738763	265.1339158955052	97039.0132177549
0	900005	1	1	5	3	3	1	2	0	2	3843	243	2	4	6	13	0	18	18	6	21	1	42	10	1	3	0	2	3	8	6	8	9	5	2	0	2	1	0	1	2	1	1	1	0	0	2010	2	1	1	7	7	6	9995	9	7	3	1	0	0	2019	6	4	0	0	0	0	0	0	1	2	3	3	2	5	5	1	3	5	4	2020	11	47	17	3	0	1	0	0	0	0	4	0	0	5	2	2	1	2	2	2	2	2	2	2	2	1	1	2	2	2	1	9	204	1996	0	1	6234414916602	2	0	1	2	1	1	3	12	3	0	3846	1	243	6	13	18	18	6	21	0	7051	1	1509	6	14	18	18	6	21	0	0	0	706	13	1	1	1	9	0	5	10	9	69	9	156	0	5			 	 	 	 	 											0	0	1	623441491660201	1	706	0	13	1	1	1	1	9	0	10	9	69	0	000	000	13	3	0	66.2834789738763	265.1339158955052	97039.0132177549
0	900005	1	1	5	3	3	1	2	0	2	3843	243	2	4	6	13	0	18	18	6	21	1	42	10	1	3	0	2	3	8	6	8	9	5	2	0	2	1	0	1	2	1	1	1	0	0	2010	2	1	1	7	7	6	9995	9	7	3	1	0	0	2019	6	4	0	0	0	0	0	0	1	2	3	3	2	5	5	1	3	5	4	2020	11	47	17	3	0	1	0	0	0	0	4	0	0	5	2	2	1	2	2	2	2	2	2	2	2	1	1	2	2	2	1	9	204	1996	0	1	6234414916603	3	0	1	2	1	1	3	12	3	0	7051	1	1509	6	14	18	18	6	21	0	3951	1	1581	7	17	18	18	6	10	0	0	0	840	14	1	1	1	12	45	6	14	0	75	9	150	0	6			 	 	 	 	 											0	0	1	623441491660301	1	840	0	14	1	1	1	1	12	45	14	0	75	0	000	000	13	0	0	66.2834789738763	265.1339158955052	97039.0132177549
0	900005	1	1	5	3	3	1	2	0	2	3843	243	2	4	6	13	0	18	18	6	21	1	42	10	1	3	0	2	3	8	6	8	9	5	2	0	2	1	0	1	2	1	1	1	0	0	2010	2	1	1	7	7	6	9995	9	7	3	1	0	0	2019	6	4	0	0	0	0	0	0	1	2	3	3	2	5	5	1	3	5	4	2020	11	47	17	3	0	1	0	0	0	0	4	0	0	5	2	2	1	2	2	2	2	2	2	2	2	1	1	2	2	2	1	9	204	1996	0	1	6234414916604	4	0	1	1	1	1	3	12	3	0	3951	1	1581	7	17	18	18	6	10	0	3843	1	243	6	13	18	18	6	21	0	0	0	400	12	1	1	1	16	30	9	17	15	45	8		0	9			 	 	 	 	 											0	0	1	623441491660401	1	400	0	12	1	1	1	1	16	30	17	15	45	0	000	000	13	0	0	66.2834789738763	265.1339158955052	97039.0132177549
