OP	OPID	Steekproef	Mode	HHPers	HHSam	HHPlOP	HHLft1	HHLft2	HHLft3	HHLft4	WoPC	WoGem	Sted	GemGr	Prov	Corop	BuurtAdam	MRA	MRDH	Geslacht	Leeftijd	KLeeft	Herkomst	BetWerk	OnbBez	MaatsPart	Opleiding	HHBestInkG	HHGestInkG	HHLaagInk	HHSocInk	HHWelvG	HHRijbewijsAu	HHRijbewijsMo	HHRijbewijsBr	OPRijbewijsAu	OPRijbewijsMo	OPRijbewijsBr	HHAuto	HHAutoL	OPAuto	BrandstofPa1	XBrandstofPa1	BrandstofEPa1	BouwjaarPa1	KBouwjaarPa1	KGewichtPa1	TenaamPa1	BrandstofPa2	XBrandstofPa2	BrandstofEPa2	BouwjaarPa2	KBouwjaarPa2	KGewichtPa2	TenaamPa2	BrandstofPaL	XBrandstofPaL	BrandstofEPaL	BouwjaarPaL	KBouwjaarPaL	KGewichtPaL	HHMotor	OPMotor	HHBrom	OPBrom	HHSnor	OPSnor	HHEFiets	HHBezitVm	OPBezitVm	FqNEFiets	FqEFiets	FqBTM	FqTrein	FqAutoB	FqAutoP	FqBrSnor	OVStKaart	Jaar	Maand	Week	Dag	Weekdag	Feestdag	Weggeweest	RedenNW	RedenNWZ	RedenNWW	RedenNWB	AantVpl	AantOVVpl	AantSVpl	EFiets	AutoEig	AutoHhL	AutoLWg	AutoLPl	AutoBed	AutoDOrg	AutoDPart	AutoDBek	AutoLeen	AutoHuur	AutoAnd	ByzDag	ByzAdr	ByzVvm	ByzTyd	ByzDuur	ByzRoute	ByzReden	ReisduurOP	AfstandOP	AfstandSOP	Verpl	VerplID	VerplNr	Toer	AantRit	Doel	MotiefV	KMotiefV	MeerWink	AardWerk	VertLoc	VertGeb	VertPC	VertPCBL	VertGem	VertProv	VertCorop	VertMRA	VertMRDH	AankGeb	AankPC	AankPCBL	AankGem	AankProv	AankCorop	AankMRA	AankMRDH	PCG	GemG	PCBLG	AfstV	KAfstV	Hvm	HvmRol	KHvm	VertUur	VertMin	KVertTijd	AankUur	AankMin	Reisduur	KReisduur	ActDuur	Kind6	VolgWerk	SAantAdr	SDezPlts	SPlaats1	SPlaats2	SPlaats3	SPlaats4	SPlaats5	AfstS	AfstSBL	SVvm1	SVvm2	SVvm3	SVvm4	SBegUur	SBegMin	SEindUur	SEindMin	CorrVerpl	GehBLVer	Rit	RitID	RitNr	AfstR	AfstRBL	KAfstR	Rvm	RvmRol	RAantIn	KRvm	RVertUur	RVertMin	RAankUur	RAankMin	RReisduur	RReisduurBL	RVertStat	RAankStat	RTSamen	RCorrSnelh	RVliegVer	FactorH	FactorP	FactorV
1	900001	1	1	2	1	1	0	0	0	2	2162	553	1	4	12	25	0	18	18	1	42	7	1	3	0	4	3	2	8	8	9	3	3	0	1	1	0	1	0	0	1	7	0	0	2006	1	3	1	1	0	0	2006	3	7	3	7	7	6	9995	9	7	0	0	0	0	0	0	0	5	3	5	5	4	4	2	2	5	4	2019	10	17	8	3	1	1	0	0	0	0	3	0	0	5	4	4	2	2	4	2	4	2	4	2	4	2	3	3	3	3	3	11	45	340	0	""	5906154968001	1	0	1	8	1	1	0	12	4	0	2331	1	553	12	37	18	18	0	5612	1	9999	99	35	18	99	0	0	0	672	5	1	1	1	10	0	5	10	40	85	2	25	0	1			 	 	 	 	 											0	0	1	591822429100101	1	50	0	6	3	1	11	5	10	0	1	30	30	0	000	000	13	0	0	788.3102709827269	788.3102709827269	140580.0129739054
1	900002	1	1	5	2	3	0	0	0	1	5995	1721	4	4	9	39	0	18	17	1	28	13	1	0	0	2	4	8	3	8	9	10	5	0	2	1	0	1	1	0	0	1	7	6	2017	9	7	2	1	7	0	2013	1	7	2	7	7	6	9995	9	7	0	0	0	1	0	0	0	2	3	1	5	5	1	2	3	5	1	2019	6	23	17	1	0	1	0	0	0	0	5	0	0	5	1	4	4	4	2	4	2	4	2	4	2	2	3	3	3	2	3	1	80	140	0	""	5905824424301	1	0	3	7	1	6	3	12	1	0	5384	1	1721	9	25	18	17	0	6422	1	772	9	99	18	18	0	0	0	170	13	8	4	3	5	0	2	10	30	5	4	1110	0	9			 	 	 	 	 											0	0	1	590615496800101	1	147	0	9	8	4	2	5	5	0	10	45	5	0	000	000	13	0	0	216.0213393332629	76.19941415641173	287733.24890869536
1	900003	1	1	1	6	4	0	0	0	5	6462	1894	2	4	9	37	0	18	17	2	26	7	1	3	0	2	4	7	9	8	9	7	2	0	2	1	0	1	2	0	0	1	0	0	2003	4	2	3	7	0	6	9995	2	4	3	7	7	6	9995	9	7	0	0	0	0	0	0	0	3	2	2	5	4	4	1	5	5	0	2019	4	42	23	4	0	1	0	0	0	0	2	2	0	5	4	2	2	4	2	4	4	4	4	4	2	2	1	3	2	3	3	11	175	1344	0	""	5903046914201	1	0	1	1	6	5	3	12	1	0	2162	1	546	12	35	18	18	0	2161	1	1721	11	25	18	17	0	0	0	40	6	8	4	5	7	30	1	7	5	30	7	500	0	9			 	 	 	 	 											0	0	1	590583353520101	1	170	0	4	1	4	11	1	9	0	9	30	30	0	000	000	13	0	0	128.38357349215104	432.0426786665258	144100.7521745443
1	900004	1	1	2	6	3	0	0	0	2	2331	546	2	6	11	25	0	18	18	1	56	6	1	3	0	2	3	10	9	8	9	9	1	0	3	1	0	1	3	0	2	1	0	0	2015	1	2	2	7	7	6	9995	9	4	1	7	7	6	9995	9	7	0	0	0	0	0	0	0	2	5	1	5	5	2	4	2	5	0	2019	5	19	9	5	0	1	0	0	0	0	2	0	0	5	1	4	4	4	4	2	4	2	4	4	4	2	3	1	3	3	2	11	25	90	0	""	5918224291001	1	0	1	2	7	1	3	12	1	0	6462	1	1894	9	25	18	17	0	5384	1	553	12	39	99	18	0	0	0	30	9	2	1	1	9	0	3	1	45	15	7	540	0	9			 	 	 	 	 											0	0	1	590582442430101	1	40	0	8	1	4	11	1	7	30	7	5	15	0	000	000	13	0	0	38.09970707820587	394.7965813001213	27812.786167090282
1	900005	1	1	3	2	4	0	0	0	3	5384	928	4	4	12	35	0	18	18	1	22	10	1	3	3	2	3	10	8	8	9	8	2	0	5	1	0	1	2	0	1	1	0	0	9995	5	1	1	1	0	0	2010	9	2	2	7	7	6	9995	9	7	0	0	1	0	0	0	0	1	0	1	5	1	4	3	4	3	4	2019	5	22	30	5	1	1	0	0	0	0	2	0	0	5	4	2	4	2	4	4	2	4	2	2	4	1	3	3	3	3	3	11	210	170	0	""	5905833535201	1	0	1	2	8	4	3	12	1	0	5995	1	928	11	39	18	18	0	0000	1	917	11	36	18	18	0	0	0	50	4	1	4	5	1	0	5	5	25	40	9	215	0	1			 	 	 	 	 											0	0	1	590304691420101	1	30	0	5	8	1	2	4	1	0	5	40	40	0	000	000	13	0	0	78.95931626002427	385.1507204764531	157695.5777132819
0	900001	1	1	1	1	1	0	0	0	1	6462	928	2	4	12	39	0	18	18	1	42	10	1	3	0	2	3	2	3	8	9	3	1	0	1	1	0	1	0	0	0	7	7	6	9995	9	7	3	7	7	6	9995	9	7	3	7	7	6	9995	9	7	0	0	1	1	0	0	0	5	5	1	5	5	4	4	5	3	4	2019	4	17	23	3	0	1	0	0	0	0	2	0	0	5	4	4	4	4	4	4	4	4	4	4	4	2	3	3	3	3	3	11	210	170	0	1	5903046914201	1	0	1	2	1	1	3	12	1	0	6462	1	928	12	39	18	18	0	6422	1	917	12	39	18	18	0	0	0	50	6	8	4	5	5	0	2	5	30	30	7	540	0	1			 	 	 	 	 											0	0	1	590304691420101	1	50	0	6	8	4	11	5	5	0	5	30	30	0	000	000	13	0	0	788.3102709827269	788.3102709827269	287733.24890869536
0	900001	1	1	1	1	1	0	0	0	1	6462	928	2	4	12	39	0	18	18	1	42	10	1	3	0	2	3	2	3	8	9	3	1	0	1	1	0	1	0	0	0	7	7	6	9995	9	7	3	7	7	6	9995	9	7	3	7	7	6	9995	9	7	0	0	1	1	0	0	0	5	5	1	5	5	4	4	5	3	4	2019	4	17	23	3	0	1	0	0	0	0	2	0	0	5	4	4	4	4	4	4	4	4	4	4	4	2	3	3	3	3	3	11	210	170	0	1	5903046914202	2	1	1	10	9	8	3	12	3	0	6422	1	917	12	39	18	18	0	6422	1	917	12	39	18	18	0	0	0	120	8	8	4	5	14	30	8	17	30	180	11		0	9			 	 	 	 	 											0	0	1	590304691420201	1	120	0	8	8	4	11	5	14	30	17	30	180	0	000	000	13	0	0	788.3102709827269	788.3102709827269	287733.24890869536
0	900002	1	1	2	2	3	0	0	0	2	2162	553	2	4	9	25	0	18	17	1	56	13	1	3	0	2	4	7	8	8	9	8	2	0	2	1	0	1	2	0	2	1	0	0	2006	1	2	1	1	0	0	2006	1	4	1	7	7	6	9995	9	7	0	0	0	0	0	0	0	2	2	1	5	4	4	2	4	5	4	2019	5	22	30	5	1	1	0	0	0	0	5	0	0	5	1	2	2	2	2	2	2	2	2	2	2	1	1	1	2	2	2	1	25	140	0	1	5905824424301	1	0	1	8	7	4	0	12	1	0	2162	1	553	9	25	18	17	0	2161	1	553	9	25	18	17	0	0	0	40	5	1	1	1	10	0	5	10	5	5	2	25	0	9			 	 	 	 	 											0	0	1	590582442430101	1	40	0	5	1	1	2	1	10	0	10	5	5	0	000	000	13	0	0	216.0213393332629	432.0426786665258	157695.5777132819
0	900002	1	1	2	2	3	0	0	0	2	2162	553	2	4	9	25	0	18	17	1	56	13	1	3	0	2	4	7	8	8	9	8	2	0	2	1	0	1	2	0	2	1	0	0	2006	1	2	1	1	0	0	2006	1	4	1	7	7	6	9995	9	7	0	0	0	0	0	0	0	2	2	1	5	4	4	2	4	5	4	2019	5	22	30	5	1	1	0	0	0	0	5	0	0	5	1	2	2	2	2	2	2	2	2	2	2	1	1	1	2	2	2	1	25	140	0	1	5905824424302	2	0	1	8	7	4	0	12	4	0	2161	1	553	9	25	18	17	0	2163	1	553	9	25	18	17	0	0	0	30	4	1	1	1	10	30	5	10	35	5	2	25	0	9			 	 	 	 	 											0	0	1	590582442430201	1	30	0	4	1	1	2	1	10	30	10	35	5	0	000	000	13	0	0	216.0213393332629	432.0426786665258	157695.5777132819
0	900002	1	1	2	2	3	0	0	0	2	2162	553	2	4	9	25	0	18	17	1	56	13	1	3	0	2	4	7	8	8	9	8	2	0	2	1	0	1	2	0	2	1	0	0	2006	1	2	1	1	0	0	2006	1	4	1	7	7	6	9995	9	7	0	0	0	0	0	0	0	2	2	1	5	4	4	2	4	5	4	2019	5	22	30	5	1	1	0	0	0	0	5	0	0	5	1	2	2	2	2	2	2	2	2	2	2	1	1	1	2	2	2	1	25	140	0	1	5905824424303	3	0	1	1	7	4	3	12	4	0	2163	1	553	9	25	18	17	0	2162	1	553	9	25	18	17	0	0	0	30	4	1	1	1	11	0	5	11	5	5	2	520	0	9			 	 	 	 	 											0	0	1	590582442430301	1	30	0	4	1	1	2	1	11	0	11	5	5	0	000	000	13	0	0	216.0213393332629	432.0426786665258	157695.5777132819
0	900002	1	1	2	2	3	0	0	0	2	2162	553	2	4	9	25	0	18	17	1	56	13	1	3	0	2	4	7	8	8	9	8	2	0	2	1	0	1	2	0	2	1	0	0	2006	1	2	1	1	0	0	2006	1	4	1	7	7	6	9995	9	7	0	0	0	0	0	0	0	2	2	1	5	4	4	2	4	5	4	2019	5	22	30	5	1	1	0	0	0	0	5	0	0	5	1	2	2	2	2	2	2	2	2	2	2	1	1	1	2	2	2	1	25	140	0	1	5905824424304	4	0	1	11	10	7	3	12	1	0	2162	1	553	9	25	18	17	0	2171	1	1525	9	25	18	17	0	0	0	20	3	1	1	1	19	45	12	19	50	5	2	190	0	9			 	 	 	 	 											0	0	1	590582442430401	1	20	0	3	1	1	1	1	19	45	19	50	5	0	000	000	13	0	0	216.0213393332629	432.0426786665258	157695.5777132819
0	900002	1	1	2	2	3	0	0	0	2	2162	553	2	4	9	25	0	18	17	1	56	13	1	3	0	2	4	7	8	8	9	8	2	0	2	1	0	1	2	0	2	1	0	0	2006	1	2	1	1	0	0	2006	1	4	1	7	7	6	9995	9	7	0	0	0	0	0	0	0	2	2	1	5	4	4	2	4	5	4	2019	5	22	30	5	1	1	0	0	0	0	5	0	0	5	1	2	2	2	2	2	2	2	2	2	2	1	1	1	2	2	2	1	25	140	0	1	5905824424305	5	0	1	1	10	7	3	12	4	0	2171	1	1525	9	25	18	17	0	2162	1	553	9	25	18	17	0	0	0	20	3	1	1	1	23	0	13	23	5	5	2		0	9			 	 	 	 	 											0	0	1	590582442430501	1	20	0	3	1	1	1	1	23	0	23	5	5	0	000	000	13	0	0	216.0213393332629	432.0426786665258	157695.5777132819
0	900003	1	1	5	6	4	0	0	0	5	5384	1721	4	4	11	35	0	18	18	1	26	7	1	3	0	2	3	10	9	8	9	9	5	0	5	1	0	1	3	0	1	1	0	0	2015	4	1	2	1	0	0	2013	3	2	2	7	7	6	9995	9	7	0	0	0	0	0	0	0	1	3	1	5	5	2	1	2	5	0	2019	6	23	9	1	1	1	0	0	0	0	3	0	0	5	4	4	4	4	4	4	4	4	4	4	4	2	3	3	3	3	3	11	45	90	0	1	5905833535201	1	0	1	1	8	6	3	12	4	0	5384	1	1721	11	35	18	18	0	5384	1	1721	11	35	18	18	0	0	0	30	4	8	4	5	1	30	1	1	45	15	4	1110	0	9			 	 	 	 	 											0	0	1	590583353520101	1	30	0	4	8	4	11	5	1	30	1	45	15	0	000	000	13	0	0	78.95931626002427	394.7965813001213	144100.7521745443
0	900003	1	1	5	6	4	0	0	0	5	5384	1721	4	4	11	35	0	18	18	1	26	7	1	3	0	2	3	10	9	8	9	9	5	0	5	1	0	1	3	0	1	1	0	0	2015	4	1	2	1	0	0	2013	3	2	2	7	7	6	9995	9	7	0	0	0	0	0	0	0	1	3	1	5	5	2	1	2	5	0	2019	6	23	9	1	1	1	0	0	0	0	3	0	0	5	4	4	4	4	4	4	4	4	4	4	4	2	3	3	3	3	3	11	45	90	0	1	5905833535202	2	0	1	9	8	6	3	12	1	0	5384	1	1721	11	35	18	18	0	5384	1	1721	11	35	18	18	0	0	0	30	4	8	4	5	20	15	13	20	30	15	4	150	0	9			 	 	 	 	 											0	0	1	590583353520201	1	30	0	4	8	4	11	5	20	15	20	30	15	0	000	000	13	0	0	78.95931626002427	394.7965813001213	144100.7521745443
0	900003	1	1	5	6	4	0	0	0	5	5384	1721	4	4	11	35	0	18	18	1	26	7	1	3	0	2	3	10	9	8	9	9	5	0	5	1	0	1	3	0	1	1	0	0	2015	4	1	2	1	0	0	2013	3	2	2	7	7	6	9995	9	7	0	0	0	0	0	0	0	1	3	1	5	5	2	1	2	5	0	2019	6	23	9	1	1	1	0	0	0	0	3	0	0	5	4	4	4	4	4	4	4	4	4	4	4	2	3	3	3	3	3	11	45	90	0	1	5905833535203	3	0	1	1	8	6	3	12	4	0	5384	1	1721	11	35	18	18	0	5384	1	1721	11	35	18	18	0	0	0	30	4	8	4	5	23	0	13	23	15	15	4		0	9			 	 	 	 	 											0	0	1	590583353520301	1	30	0	4	8	4	11	5	23	0	23	15	15	0	000	000	13	0	0	78.95931626002427	394.7965813001213	144100.7521745443
0	900004	1	1	3	6	4	0	0	0	3	5995	1894	4	4	12	37	0	18	18	2	22	6	1	0	3	4	3	10	9	8	9	10	3	0	3	1	0	1	2	0	0	1	0	0	2017	5	3	2	1	0	0	2010	2	4	2	7	7	6	9995	9	7	0	0	0	0	0	0	0	2	0	2	5	1	1	3	3	5	1	2019	5	19	8	4	0	1	0	0	0	0	2	2	0	5	4	4	4	4	4	4	4	4	4	4	4	2	3	3	3	3	3	11	175	1344	0	1	5906154968001	1	0	3	7	6	5	3	12	1	0	5995	1	1894	12	37	18	18	0	5612	1	772	11	36	18	18	0	0	0	672	13	2	4	3	9	0	5	10	25	85	9	215	0	9			 	 	 	 	 											0	0	1	590615496800101	1	147	0	8	3	4	11	4	9	0	9	30	30	0	000	000	13	0	0	128.38357349215104	385.1507204764531	140580.0129739054
0	900004	1	1	3	6	4	0	0	0	3	5995	1894	4	4	12	37	0	18	18	2	22	6	1	0	3	4	3	10	9	8	9	10	3	0	3	1	0	1	2	0	0	1	0	0	2017	5	3	2	1	0	0	2010	2	4	2	7	7	6	9995	9	7	0	0	0	0	0	0	0	2	0	2	5	1	1	3	3	5	1	2019	5	19	8	4	0	1	0	0	0	0	2	2	0	5	4	4	4	4	4	4	4	4	4	4	4	2	3	3	3	3	3	11	175	1344	0	1	5906154968002	2	0	3	1	6	5	3	12	4	0	5612	1	772	11	36	18	18	0	5995	1	1894	12	37	18	18	0	0	0	672	13	2	4	3	14	0	8	15	30	90	10		0	9			 	 	 	 	 											0	0	1	590615496800201	1	9	0	2	9	4	11	6	14	0	14	15	15	0	000	000	13	0	0	128.38357349215104	385.1507204764531	140580.0129739054
0	900005	1	1	2	2	3	0	0	0	2	2331	546	1	6	9	25	0	18	17	1	28	7	1	3	0	2	4	8	8	8	9	7	2	0	2	1	0	1	1	0	1	1	0	0	2003	1	2	1	7	7	6	9995	9	7	3	7	7	6	9995	9	7	0	0	0	0	0	0	0	3	3	5	5	4	4	2	2	5	0	2019	10	42	17	5	0	1	0	0	0	0	2	0	0	5	1	2	2	2	2	2	2	2	2	2	2	2	3	3	3	3	3	11	80	340	0	1	5918224291001	1	0	1	2	1	1	3	12	1	0	2331	1	546	9	25	18	17	0	0000	1	9999	99	99	99	99	0	0	0	170	9	1	1	1	7	0	3	7	40	40	7	500	0	1			 	 	 	 	 											0	0	1	591822429100101	1	170	0	9	1	1	2	1	7	0	7	40	40	0	000	000	13	0	0	38.09970707820587	76.19941415641173	27812.786167090282
0	900005	1	1	2	2	3	0	0	0	2	2331	546	1	6	9	25	0	18	17	1	28	7	1	3	0	2	4	8	8	8	9	7	2	0	2	1	0	1	1	0	1	1	0	0	2003	1	2	1	7	7	6	9995	9	7	3	7	7	6	9995	9	7	0	0	0	0	0	0	0	3	3	5	5	4	4	2	2	5	0	2019	10	42	17	5	0	1	0	0	0	0	2	0	0	5	1	2	2	2	2	2	2	2	2	2	2	2	3	3	3	3	3	11	80	340	0	1	5918224291002	2	0	1	1	1	1	3	12	3	0	0000	1	9999	99	99	99	99	0	2331	1	546	9	25	18	17	0	0	0	170	9	1	1	1	16	0	9	16	40	40	7		0	9			 	 	 	 	 											0	0	1	591822429100201	1	170	0	9	1	1	2	1	16	0	16	40	40	0	000	000	13	0	0	38.09970707820587	76.19941415641173	27812.786167090282
