StageID	TripID	DayID	IndividualID	HouseholdID	PSUID	VehicleID	IndTicketID	PersNo	TravDay	JourSeq	StageSeq	StageDistance	StageDistance_B01ID	StageTime	StageTime_B01ID	StageMode_B03ID	StageMode_B04ID	StageMode_B11ID	StageShortWalk_B01ID	NumBoardings	NumBoardings_B01ID	NumParty	NumParty_B01ID	NumPartyChild	NumPartyChild_B01ID	NumPartyAdult	NumPartyAdult_B01ID	StageVehicle	StageVehicle_B01ID	StageOccupant_B01ID	TicketNumber	TicketType_B01ID	StageFareCost	StageFareCost_B01ID	ShortWalkDay_B01ID	StagePassCost	StagePassCost_B01ID	StageCost	StageCost_B01ID	StageMain_B01ID	SSXSC	STTXSC	SD	WhereParked_B01ID	SurveyYear
500105	600103	700033	800006	2016004999	2016000514	2016006272		1	6	5	1	4.1	4	10	3	5	3	5	2		-9	1	1		-9		-9	1	1	1	-9	-9		-9	1		-9		-9	1	1	10	4.1	-10	2016
500045	600045	700019	800004	2010002833	2010000217	2010003460		2	2	2	1	4.0	4	12	3	5	3	5	2		-9	2	2		-9		-9	1	1	1	-9	-9		-9	-10		-9		-9	1	1	12	4.0	-10	2010
500110	600108	700035	800007	2016004999	2016000514	2016006273		2	1	1	1	0.7	1	3	2	5	3	5	2		-9	1	1		-9		-9	2	2	1	-9	-9		-9	2		-9		-9	1	1	3	0.7	-10	2016
500119	600117	700037	800007	2016004999	2016000514	2016006272		2	3	4	1	6.2	5	12	3	7	4	6	2		-9	2	2		-9		-9	1	1	4	-9	-9		-9	1		-9		-9	1	1	12	6.2	-10	2016
500125	600123	700039	800007	2016004999	2016000514	2016006272		2	7	1	1	13.3	6	30	5	7	4	6	2		-9	2	2		-9		-9	1	1	4	-9	-9		-9	1		-9		-9	1	1	30	13.3	-10	2016
500070	600069	700028	800006	2016004999	2016000514			1	1	4	2	0.17	1	3	2	1	1	1	1		-9	1	1		-9		-9		-9	-9	-9	-9		-9	2		-9		-9	2	7	21	1.19	-10	2016
500068	600068	700028	800006	2016004999	2016000514	2016006272		1	1	3	1	1.5	2	4	2	5	3	5	2		-9	1	1		-9		-9	1	1	1	-9	-9		-9	2		-9		-9	1	1	4	1.5	-10	2016
500041	600041	700017	800003	2010002833	2010000217	2010003460		1	7	2	1	3.0	4	20	4	7	4	6	2		-9	2	2		-9		-9	1	1	4	-9	-9		-9	-10		-9		-9	1	1	20	3.0	-10	2010
500109	600107	700034	800006	2016004999	2016000514	2016006272		1	7	4	1	5.4	5	10	3	5	3	5	2		-9	2	2		-9		-9	1	1	1	-9	-9		-9	1		-9		-9	1	1	10	5.4	-10	2016
500104	600102	700033	800006	2016004999	2016000514	2016006272		1	6	4	1	1.4	2	5	2	5	3	5	2		-9	1	1		-9		-9	1	1	1	-9	-9		-9	1		-9		-9	1	1	5	1.4	-10	2016
500113	600111	700035	800007	2016004999	2016000514	2016006273		2	1	4	1	0.7	1	3	2	5	3	5	2		-9	1	1		-9		-9	2	2	1	-9	-9		-9	2		-9		-9	1	1	3	0.7	-10	2016
500150	600144	700046	800009	2024002100	2024000309	2024002738		2	3	2	1	0.75	1	6	2	5	3	5	2		-9	2	2		-9		-9	1	1	1	-9	-9		-9	1		-9		-9	1	1	6	0.75	-10	2024
500096	600094	700032	800006	2016004999	2016000514	2016006272		1	5	4	1	4.1	4	12	3	5	3	5	2		-9	1	1		-9		-9	1	1	1	-9	-9		-9	1		-9		-9	1	1	12	4.1	-10	2016
500116	600114	700037	800007	2016004999	2016000514	2016006272		2	3	1	1	7.3	5	15	4	7	4	6	2		-9	2	2		-9		-9	1	1	4	-9	-9		-9	1		-9		-9	1	1	15	7.3	-10	2016
500027	600027	700012	800002	2005004016	2005000292			1	6	1	1	7.0	5	36	5	19	8	13	2	1	1	1	1		-9		-9		-9	-9	-9	1	0.4	6	-10	0.0	1	0.4	6	1	1	36	7.0	-9	2005
500029	600029	700013	800002	2005004016	2005000292			1	7	1	1	7.0	5	33	5	19	8	13	2	1	1	1	1		-9		-9		-9	-9	-9	1	0.4	6	-10	0.0	1	0.4	6	1	1	33	7.0	-9	2005
500004	600004	700002	800001	2003001535	2003000111		2003000912	1	2	2	1	9.0	5	33	5	22	10	16	2	1	1	1	1		-9		-9		-9	-9	1	10	0.0	1	-10	1.64	10	1.64	10	1	1	33	9.0	-9	2003
500101	600099	700033	800006	2016004999	2016000514	2016006272		1	6	1	1	5.1	5	10	3	5	3	5	2		-9	1	1		-9		-9	1	1	1	-9	-9		-9	1		-9		-9	1	1	10	5.1	-10	2016
500057	600057	700023	800004	2010002833	2010000217	2010003460		2	7	4	1	3.0	4	20	4	5	3	5	2		-9	2	2		-9		-9	1	1	1	-9	-9		-9	-10		-9		-9	1	1	20	3.0	-10	2010
500142	600136	700043	800008	2024002100	2024000309	2024002738		1	7	2	1	11.0	6	19	4	7	4	6	2		-9	2	2		-9		-9	1	1	4	-9	-9		-9	1		-9		-9	1	1	19	11.0	-10	2024
500017	600017	700008	800002	2005004016	2005000292		2005002517	1	2	2	1	7.0	5	33	5	19	8	13	2	1	1	1	1		-9		-9		-9	-9	1	15	0.0	1	-10	0.0	1	0.0	1	1	1	33	7.0	-9	2005
500148	600142	700045	800009	2024002100	2024000309	2024002738		2	2	4	1	2.5	3	15	4	5	3	5	2		-9	2	2		-9		-9	1	1	1	-9	-9		-9	1		-9		-9	1	1	15	2.5	-10	2024
500128	600126	700039	800007	2016004999	2016000514	2016006272		2	7	4	1	5.4	5	10	3	7	4	6	2		-9	2	2		-9		-9	1	1	4	-9	-9		-9	1		-9		-9	1	1	10	5.4	-10	2016
500126	600124	700039	800007	2016004999	2016000514	2016006272		2	7	2	1	0.5	1	5	2	7	4	6	2		-9	2	2		-9		-9	1	1	4	-9	-9		-9	1		-9		-9	1	1	5	0.5	-10	2016
500039	600039	700016	800003	2010002833	2010000217	2010003460		1	4	2	1	4.0	4	12	3	7	4	6	2		-9	2	2		-9		-9	1	1	4	-9	-9		-9	-10		-9		-9	1	1	12	4.0	-10	2010
500088	600087	700030	800006	2016004999	2016000514	2016006272		1	3	3	1	0.8	1	7	2	7	4	6	2		-9	3	3		-9		-9	1	1	4	-9	-9		-9	1		-9		-9	1	1	7	0.8	-10	2016
500114	600112	700036	800007	2016004999	2016000514			2	2	1	1	23.0	7	105	8	3	2	3	2		-9	1	1		-9		-9		-9	-9	-9	-9		-9	1		-9		-9	1	1	105	23.0	-10	2016
500103	600101	700033	800006	2016004999	2016000514	2016006272		1	6	3	1	5.0	5	10	3	5	3	5	2		-9	2	2		-9		-9	1	1	1	-9	-9		-9	1		-9		-9	1	1	10	5.0	-10	2016
500107	600105	700034	800006	2016004999	2016000514	2016006272		1	7	2	1	0.5	1	5	2	5	3	5	2		-9	2	2		-9		-9	1	1	1	-9	-9		-9	1		-9		-9	1	1	5	0.5	-10	2016
500130	600128	700039	800007	2016004999	2016000514			2	7	6	1	7.0	5	30	5	3	2	3	2		-9	1	1		-9		-9		-9	-9	-9	-9		-9	1		-9		-9	1	1	30	7.0	-10	2016
500084	600083	700029	800006	2016004999	2016000514	2016006272		1	2	4	1	7.9	5	17	4	5	3	5	2		-9	1	1		-9		-9	1	1	1	-9	-9		-9	1		-9		-9	1	1	17	7.9	-10	2016
500138	600132	700041	800008	2024002100	2024000309	2024002738		1	2	2	3	2.5	3	15	4	7	4	6	2		-9	2	2		-9		-9	1	1	4	-9	-9		-9	1		-9		-9	2	1	15	2.5	-10	2024
500134	600131	700041	800008	2024002100	2024000309			1	2	1	2	13.0	6	30	5	23	11	17	2	1	1	2	2		-9		-9		-9	-9	-9	3	3.85	12	1	0.0	1	3.85	12	1	1	30	13.0	-10	2024
500037	600037	700015	800003	2010002833	2010000217	2010003460		1	3	2	1	4.0	4	12	3	7	4	6	2		-9	2	2		-9		-9	1	1	4	-9	-9		-9	-10		-9		-9	1	1	12	4.0	-10	2010
500118	600116	700037	800007	2016004999	2016000514	2016006272		2	3	3	1	0.8	1	7	2	5	3	5	2		-9	3	3		-9		-9	1	1	1	-9	-9		-9	1		-9		-9	1	1	7	0.8	-10	2016
500139	600133	700042	800008	2024002100	2024000309	2024002738		1	3	1	1	0.75	1	6	2	7	4	6	2		-9	2	2		-9		-9	1	1	4	-9	-9		-9	1		-9		-9	1	1	6	0.75	-10	2024
500023	600023	700010	800002	2005004016	2005000292	2005004704		1	4	1	1	4.0	4	13	3	5	3	5	2		-9	1	1		-9		-9	1	1	1	-9	-9		-9	-10		-9		-9	1	1	13	4.0	5	2005
500014	600014	700007	800002	2005004016	2005000292	2005004704		1	1	2	1	5.0	5	20	4	5	3	5	2		-9	1	1		-9		-9	1	1	1	-9	-9		-9	-10		-9		-9	1	1	20	5.0	5	2005
500053	600053	700022	800004	2010002833	2010000217	2010003460		2	6	3	1	2.5	3	6	2	5	3	5	2		-9	1	1		-9		-9	1	1	1	-9	-9		-9	-10		-9		-9	1	1	6	2.5	-10	2010
500151	600145	700047	800009	2024002100	2024000309	2024002738		2	7	1	1	11.0	6	15	4	5	3	5	2		-9	2	2		-9		-9	1	1	1	-9	-9		-9	1		-9		-9	1	1	15	11.0	-10	2024
500063	600063	700026	800005	2011000714	2011000058			1	6	2	1	1.0	2	35	5	2	1	2	2		-9	1	1		-9		-9		-9	-9	-9	-9		-9	-10		-9		-9	1	1	35	1.0	-10	2011
500144	600138	700044	800009	2024002100	2024000309	2024002738		2	1	2	1	1.0	2	6	2	5	3	5	2		-9	2	2		-9		-9	1	1	1	-9	-9		-9	2		-9		-9	1	1	6	1.0	-10	2024
500012	600012	700006	800001	2003001535	2003000111		2003000912	1	6	2	1	1.0	2	20	4	18	7	12	2	1	1	1	1		-9		-9		-9	-9	1	10	0.0	1	-10	0.18	4	0.18	4	1	1	20	1.0	-9	2003
500038	600038	700016	800003	2010002833	2010000217	2010003460		1	4	1	1	4.0	4	12	3	7	4	6	2		-9	2	2		-9		-9	1	1	4	-9	-9		-9	-10		-9		-9	1	1	12	4.0	-10	2010
500064	600064	700027	800005	2011000714	2011000058			1	7	1	1	2.0	3	45	6	2	1	2	2		-9	1	1		-9		-9		-9	-9	-9	-9		-9	-10		-9		-9	1	1	45	2.0	-10	2011
500081	600080	700029	800006	2016004999	2016000514	2016006272		1	2	1	1	9.5	5	20	4	5	3	5	2		-9	1	1		-9		-9	1	1	1	-9	-9		-9	1		-9		-9	1	1	20	9.5	-10	2016
500106	600104	700034	800006	2016004999	2016000514	2016006272		1	7	1	1	13.3	6	30	5	5	3	5	2		-9	2	2		-9		-9	1	1	1	-9	-9		-9	1		-9		-9	1	1	30	13.3	-10	2016
500091	600089	700031	800006	2016004999	2016000514		2016003615	1	4	1	2	6.1	5	19	4	19	8	13	2	1	1	1	1		-9		-9		-9	-9	2	15	0.0	1	1	0.0	1	0.0	1	1	1	19	6.1	-10	2016
500092	600090	700031	800006	2016004999	2016000514		2016003615	1	4	2	1	8.0	5	23	4	19	8	13	2	1	1	1	1		-9		-9		-9	-9	2	15	0.0	1	1	0.0	1	0.0	1	1	1	23	8.0	-10	2016
500073	600072	700028	800006	2016004999	2016000514			1	1	7	1	0.21	1	4	2	1	1	1	1		-9	1	1		-9		-9		-9	-9	-9	-9		-9	2		-9		-9	1	7	28	1.47	-10	2016
500108	600106	700034	800006	2016004999	2016000514	2016006272		1	7	3	1	10.3	6	34	5	5	3	5	2		-9	2	2		-9		-9	1	1	1	-9	-9		-9	1		-9		-9	1	1	34	10.3	-10	2016
500120	600118	700038	800007	2016004999	2016000514	2016006272		2	5	1	1	1.0	2	5	2	7	4	6	2		-9	2	2		-9		-9	1	1	4	-9	-9		-9	1		-9		-9	1	1	5	1.0	-10	2016
500011	600011	700006	800001	2003001535	2003000111		2003000912	1	6	1	1	1.0	2	15	4	18	7	12	2	1	1	1	1		-9		-9		-9	-9	1	10	0.0	1	-10	0.18	4	0.18	4	1	1	15	1.0	-9	2003
500001	600001	700001	800001	2003001535	2003000111		2003000912	1	1	1	1	9.0	5	25	4	22	10	16	2	1	1	1	1		-9		-9		-9	-9	1	10	0.0	1	-10	1.64	10	1.64	10	1	1	25	9.0	-9	2003
500031	600031	700013	800002	2005004016	2005000292			1	7	3	1	1.0	2	22	4	2	1	2	2		-9	2	2		-9		-9		-9	-9	-9	-9		-9	-10		-9		-9	1	1	22	1.0	-9	2005
500083	600082	700029	800006	2016004999	2016000514	2016006272		1	2	3	1	1.4	2	4	2	5	3	5	2		-9	1	1		-9		-9	1	1	1	-9	-9		-9	1		-9		-9	1	1	4	1.4	-10	2016
500080	600079	700028	800006	2016004999	2016000514	2016006272		1	1	14	1	0.7	1	3	2	5	3	5	2		-9	1	1		-9		-9	1	1	1	-9	-9		-9	2		-9		-9	1	1	3	0.7	-10	2016
500069	600069	700028	800006	2016004999	2016000514	2016006272		1	1	4	1	1.1	2	5	2	5	3	5	2		-9	1	1		-9		-9	1	1	1	-9	-9		-9	2		-9		-9	1	1	5	1.1	-10	2016
500143	600137	700044	800009	2024002100	2024000309	2024002738		2	1	1	1	1.0	2	6	2	5	3	5	2		-9	2	2		-9		-9	1	1	1	-9	-9		-9	2		-9		-9	1	1	6	1.0	-10	2024
500055	600055	700023	800004	2010002833	2010000217	2010003460		2	7	2	1	4.0	4	18	4	5	3	5	2		-9	1	1		-9		-9	1	1	1	-9	-9		-9	-10		-9		-9	1	1	18	4.0	-10	2010
500075	600074	700028	800006	2016004999	2016000514	2016006272		1	1	9	1	0.7	1	3	2	5	3	5	2		-9	1	1		-9		-9	1	1	1	-9	-9		-9	2		-9		-9	1	1	3	0.7	-10	2016
500009	600009	700005	800001	2003001535	2003000111		2003000912	1	5	1	1	9.0	5	30	5	22	10	16	2	1	1	1	1		-9		-9		-9	-9	1	10	0.0	1	-10	1.64	10	1.64	10	1	1	30	9.0	-9	2003
500058	600058	700024	800005	2011000714	2011000058			1	3	1	1	1.0	2	30	5	2	1	2	2		-9	1	1		-9		-9		-9	-9	-9	-9		-9	-10		-9		-9	1	1	30	1.0	-10	2011
500078	600077	700028	800006	2016004999	2016000514	2016006272		1	1	12	1	0.8	1	5	2	5	3	5	2		-9	2	2		-9		-9	1	1	1	-9	-9		-9	2		-9		-9	1	1	5	0.8	-10	2016
500052	600052	700022	800004	2010002833	2010000217	2010003460		2	6	2	1	2.5	3	6	2	5	3	5	2		-9	1	1		-9		-9	1	1	1	-9	-9		-9	-10		-9		-9	1	1	6	2.5	-10	2010
500097	600095	700032	800006	2016004999	2016000514	2016006272		1	5	5	1	5.7	5	15	4	5	3	5	2		-9	2	2		-9		-9	1	1	1	-9	-9		-9	1		-9		-9	1	1	15	5.7	-10	2016
500122	600120	700038	800007	2016004999	2016000514	2016006272		2	5	3	1	0.7	1	2	1	7	4	6	2		-9	2	2		-9		-9	1	1	4	-9	-9		-9	1		-9		-9	1	1	2	0.7	-10	2016
500124	600122	700038	800007	2016004999	2016000514	2016006273		2	5	5	1	0.7	1	3	2	5	3	5	2		-9	3	3		-9		-9	2	2	1	-9	-9		-9	1		-9		-9	1	1	3	0.7	-10	2016
500082	600081	700029	800006	2016004999	2016000514	2016006272		1	2	2	1	3.8	4	7	2	5	3	5	2		-9	1	1		-9		-9	1	1	1	-9	-9		-9	1		-9		-9	1	1	7	3.8	-10	2016
500079	600078	700028	800006	2016004999	2016000514	2016006272		1	1	13	1	0.3	1	3	2	5	3	5	2		-9	2	2		-9		-9	1	1	1	-9	-9		-9	2		-9		-9	1	1	3	0.3	-10	2016
500087	600086	700030	800006	2016004999	2016000514	2016006272		1	3	2	1	0.25	1	2	1	5	3	5	2		-9	3	3		-9		-9	1	1	1	-9	-9		-9	1		-9		-9	1	1	2	0.25	-10	2016
500095	600093	700032	800006	2016004999	2016000514	2016006272		1	5	3	1	0.7	1	2	1	5	3	5	2		-9	2	2		-9		-9	1	1	1	-9	-9		-9	1		-9		-9	1	1	2	0.7	-10	2016
500089	600088	700030	800006	2016004999	2016000514	2016006272		1	3	4	1	6.2	5	12	3	5	3	5	2		-9	2	2		-9		-9	1	1	1	-9	-9		-9	1		-9		-9	1	1	12	6.2	-10	2016
500034	600034	700014	800003	2010002833	2010000217	2010003460		1	2	2	1	4.0	4	12	3	7	4	6	2		-9	2	2		-9		-9	1	1	4	-9	-9		-9	-10		-9		-9	1	1	12	4.0	-10	2010
500010	600010	700005	800001	2003001535	2003000111		2003000912	1	5	2	1	9.0	5	30	5	22	10	16	2	1	1	1	1		-9		-9		-9	-9	1	10	0.0	1	-10	1.64	10	1.64	10	1	1	30	9.0	-9	2003
500061	600061	700025	800005	2011000714	2011000058			1	5	2	1	1.0	2	25	4	2	1	2	2		-9	1	1		-9		-9		-9	-9	-9	-9		-9	-10		-9		-9	1	1	25	1.0	-10	2011
500066	600066	700028	800006	2016004999	2016000514	2016006272		1	1	1	1	10.6	6	17	4	5	3	5	2		-9	1	1		-9		-9	1	1	1	-9	-9		-9	2		-9		-9	1	1	17	10.6	-10	2016
500093	600091	700032	800006	2016004999	2016000514	2016006272		1	5	1	1	1.0	2	5	2	5	3	5	2		-9	2	2		-9		-9	1	1	1	-9	-9		-9	1		-9		-9	1	1	5	1.0	-10	2016
500002	600002	700001	800001	2003001535	2003000111		2003000912	1	1	2	1	9.0	5	32	5	22	10	16	2	1	1	1	1		-9		-9		-9	-9	1	10	0.0	1	-10	1.64	10	1.64	10	1	1	32	9.0	-9	2003
500054	600054	700023	800004	2010002833	2010000217	2010003460		2	7	1	1	4.0	4	20	4	5	3	5	2		-9	1	1		-9		-9	1	1	1	-9	-9		-9	-10		-9		-9	1	1	20	4.0	-10	2010
500099	600097	700032	800006	2016004999	2016000514	2016006272		1	5	7	1	2.3	3	8	3	5	3	5	2		-9	1	1		-9		-9	1	1	1	-9	-9		-9	1		-9		-9	1	1	8	2.3	-10	2016
500036	600036	700015	800003	2010002833	2010000217	2010003460		1	3	1	1	4.0	4	12	3	7	4	6	2		-9	2	2		-9		-9	1	1	4	-9	-9		-9	-10		-9		-9	1	1	12	4.0	-10	2010
500007	600007	700004	800001	2003001535	2003000111		2003000912	1	4	1	1	9.0	5	25	4	22	10	16	2	1	1	1	1		-9		-9		-9	-9	1	10	0.0	1	-10	1.64	10	1.64	10	1	1	25	9.0	-9	2003
500102	600100	700033	800006	2016004999	2016000514	2016006272		1	6	2	1	5.0	5	10	3	5	3	5	2		-9	2	2		-9		-9	1	1	1	-9	-9		-9	1		-9		-9	1	1	10	5.0	-10	2016
500044	600044	700019	800004	2010002833	2010000217	2010003460		2	2	1	1	4.0	4	12	3	5	3	5	2		-9	2	2		-9		-9	1	1	1	-9	-9		-9	-10		-9		-9	1	1	12	4.0	-10	2010
500035	600035	700014	800003	2010002833	2010000217	2010003460		1	2	3	1	4.0	4	12	3	7	4	6	2		-9	2	2		-9		-9	1	1	4	-9	-9		-9	-10		-9		-9	1	1	12	4.0	-10	2010
500121	600119	700038	800007	2016004999	2016000514	2016006272		2	5	2	1	0.7	1	6	2	7	4	6	2		-9	2	2		-9		-9	1	1	4	-9	-9		-9	1		-9		-9	1	1	6	0.7	-10	2016
500141	600135	700043	800008	2024002100	2024000309	2024002738		1	7	1	1	11.0	6	15	4	7	4	6	2		-9	2	2		-9		-9	1	1	4	-9	-9		-9	1		-9		-9	1	1	15	11.0	-10	2024
500021	600021	700009	800002	2005004016	2005000292			1	3	4	1	2.5	3	7	2	8	4	6	2		-9	2	2		-9		-9		89	2	-9	-9		-9	-10		-9		-9	1	1	7	2.5	-9	2005
500032	600032	700013	800002	2005004016	2005000292			1	7	4	1	1.0	2	23	4	2	1	2	2		-9	2	2		-9		-9		-9	-9	-9	-9		-9	-10		-9		-9	1	1	23	1.0	-9	2005
500043	600043	700018	800004	2010002833	2010000217	2010003460		2	1	2	1	4.0	4	15	4	5	3	5	2		-9	1	1		-9		-9	1	1	1	-9	-9		-9	-10		-9		-9	1	1	15	4.0	-10	2010
500040	600040	700017	800003	2010002833	2010000217	2010003460		1	7	1	1	3.0	4	20	4	7	4	6	2		-9	2	2		-9		-9	1	1	4	-9	-9		-9	-10		-9		-9	1	1	20	3.0	-10	2010
500117	600115	700037	800007	2016004999	2016000514	2016006272		2	3	2	1	0.25	1	2	1	7	4	6	2		-9	3	3		-9		-9	1	1	4	-9	-9		-9	1		-9		-9	1	1	2	0.25	-10	2016
500051	600051	700022	800004	2010002833	2010000217	2010003460		2	6	1	1	4.0	4	12	3	5	3	5	2		-9	2	2		-9		-9	1	1	1	-9	-9		-9	-10		-9		-9	1	1	12	4.0	-10	2010
500098	600096	700032	800006	2016004999	2016000514	2016006272		1	5	6	1	5.7	5	15	4	5	3	5	2		-9	2	2		-9		-9	1	1	1	-9	-9		-9	1		-9		-9	1	1	15	5.7	-10	2016
500074	600073	700028	800006	2016004999	2016000514			1	1	8	1	0.17	1	7	2	1	1	1	1		-9	1	1		-9		-9		-9	-9	-9	-9		-9	2		-9		-9	1	7	49	1.19	-10	2016
500022	600022	700009	800002	2005004016	2005000292	2005004704		1	3	5	1	8.0	5	22	4	5	3	5	2		-9	1	1		-9		-9	1	1	1	-9	-9		-9	-10		-9		-9	1	1	22	8.0	6	2005
500145	600139	700045	800009	2024002100	2024000309	2024002738		2	2	1	1	2.5	3	15	4	5	3	5	2		-9	2	2		-9		-9	1	1	1	-9	-9		-9	1		-9		-9	1	1	15	2.5	-10	2024
500067	600067	700028	800006	2016004999	2016000514	2016006272		1	1	2	1	10.1	6	17	4	5	3	5	2		-9	1	1		-9		-9	1	1	1	-9	-9		-9	2		-9		-9	1	1	17	10.1	-10	2016
500112	600110	700035	800007	2016004999	2016000514	2016006273		2	1	3	1	0.7	1	3	2	5	3	5	2		-9	1	1		-9		-9	2	2	1	-9	-9		-9	2		-9		-9	1	1	3	0.7	-10	2016
500003	600003	700002	800001	2003001535	2003000111		2003000912	1	2	1	1	9.0	5	25	4	22	10	16	2	1	1	1	1		-9		-9		-9	-9	1	10	0.0	1	-10	1.64	10	1.64	10	1	1	25	9.0	-9	2003
500137	600132	700041	800008	2024002100	2024000309			1	2	2	2	13.0	6	30	5	23	11	17	2	1	1	2	2		-9		-9		-9	-9	-9	3	3.85	12	1	0.0	1	3.85	12	1	1	30	13.0	-10	2024
500062	600062	700026	800005	2011000714	2011000058			1	6	1	1	1.0	2	30	5	2	1	2	2		-9	1	1		-9		-9		-9	-9	-9	-9		-9	-10		-9		-9	1	1	30	1.0	-10	2011
500059	600059	700024	800005	2011000714	2011000058			1	3	2	1	1.0	2	30	5	2	1	2	2		-9	1	1		-9		-9		-9	-9	-9	-9		-9	-10		-9		-9	1	1	30	1.0	-10	2011
500090	600089	700031	800006	2016004999	2016000514			1	4	1	1	1.93	2	45	6	2	1	2	2		-9	1	1		-9		-9		-9	-9	-9	-9		-9	1		-9		-9	2	1	45	1.93	-10	2016
500146	600140	700045	800009	2024002100	2024000309	2024002738		2	2	2	1	2.5	3	15	4	5	3	5	2		-9	1	1		-9		-9	1	1	1	-9	-9		-9	1		-9		-9	1	1	15	2.5	-10	2024
500147	600141	700045	800009	2024002100	2024000309	2024002738		2	2	3	1	2.5	3	15	4	5	3	5	2		-9	1	1		-9		-9	1	1	1	-9	-9		-9	1		-9		-9	1	1	15	2.5	-10	2024
500050	600050	700021	800004	2010002833	2010000217	2010003460		2	4	2	1	4.0	4	12	3	5	3	5	2		-9	2	2		-9		-9	1	1	1	-9	-9		-9	-10		-9		-9	1	1	12	4.0	-10	2010
500127	600125	700039	800007	2016004999	2016000514	2016006272		2	7	3	1	10.3	6	34	5	7	4	6	2		-9	2	2		-9		-9	1	1	4	-9	-9		-9	1		-9		-9	1	1	34	10.3	-10	2016
500071	600070	700028	800006	2016004999	2016000514			1	1	5	1	0.17	1	3	2	1	1	1	1		-9	1	1		-9		-9		-9	-9	-9	-9		-9	2		-9		-9	1	7	21	1.19	-10	2016
500136	600132	700041	800008	2024002100	2024000309			1	2	2	1	1.0	2	30	5	2	1	2	2		-9	2	2		-9		-9		-9	-9	-9	-9		-9	1		-9		-9	2	1	30	1.0	-10	2024
500132	600130	700040	800008	2024002100	2024000309	2024002738		1	1	2	1	1.0	2	6	2	7	4	6	2		-9	2	2		-9		-9	1	1	4	-9	-9		-9	2		-9		-9	1	1	6	1.0	-10	2024
500018	600018	700009	800002	2005004016	2005000292			1	3	1	1	2.5	3	15	4	8	4	6	2		-9	2	2		-9		-9		89	2	-9	-9		-9	-10		-9		-9	1	1	15	2.5	-9	2005
500005	600005	700003	800001	2003001535	2003000111		2003000912	1	3	1	1	9.0	5	30	5	22	10	16	2	1	1	1	1		-9		-9		-9	-9	1	10	0.0	1	-10	1.64	10	1.64	10	1	1	30	9.0	-9	2003
500115	600113	700036	800007	2016004999	2016000514			2	2	2	1	23.0	7	90	8	3	2	3	2		-9	1	1		-9		-9		-9	-9	-9	-9		-9	1		-9		-9	1	1	90	23.0	-10	2016
500111	600109	700035	800007	2016004999	2016000514	2016006273		2	1	2	1	0.7	1	3	2	5	3	5	2		-9	1	1		-9		-9	2	2	1	-9	-9		-9	2		-9		-9	1	1	3	0.7	-10	2016
500085	600084	700029	800006	2016004999	2016000514	2016006272		1	2	5	1	3.1	4	8	3	5	3	5	2		-9	1	1		-9		-9	1	1	1	-9	-9		-9	1		-9		-9	1	1	8	3.1	-10	2016
500048	600048	700020	800004	2010002833	2010000217	2010003460		2	3	2	1	4.0	4	12	3	5	3	5	2		-9	2	2		-9		-9	1	1	1	-9	-9		-9	-10		-9		-9	1	1	12	4.0	-10	2010
500049	600049	700021	800004	2010002833	2010000217	2010003460		2	4	1	1	4.0	4	12	3	5	3	5	2		-9	2	2		-9		-9	1	1	1	-9	-9		-9	-10		-9		-9	1	1	12	4.0	-10	2010
500140	600134	700042	800008	2024002100	2024000309	2024002738		1	3	2	1	0.75	1	6	2	7	4	6	2		-9	2	2		-9		-9	1	1	4	-9	-9		-9	1		-9		-9	1	1	6	0.75	-10	2024
500008	600008	700004	800001	2003001535	2003000111		2003000912	1	4	2	1	9.0	5	35	5	22	10	16	2	1	1	1	1		-9		-9		-9	-9	1	10	0.0	1	-10	1.64	10	1.64	10	1	1	35	9.0	-9	2003
500042	600042	700018	800004	2010002833	2010000217	2010003460		2	1	1	1	4.0	4	12	3	5	3	5	2		-9	1	1		-9		-9	1	1	1	-9	-9		-9	-10		-9		-9	1	1	12	4.0	-10	2010
500006	600006	700003	800001	2003001535	2003000111		2003000912	1	3	2	1	9.0	5	35	5	22	10	16	2	1	1	1	1		-9		-9		-9	-9	1	10	0.0	1	-10	1.64	10	1.64	10	1	1	35	9.0	-9	2003
500077	600076	700028	800006	2016004999	2016000514	2016006272		1	1	11	1	0.7	1	2	1	5	3	5	2		-9	2	2		-9		-9	1	1	1	-9	-9		-9	2		-9		-9	1	1	2	0.7	-10	2016
500056	600056	700023	800004	2010002833	2010000217	2010003460		2	7	3	1	3.0	4	20	4	5	3	5	2		-9	2	2		-9		-9	1	1	1	-9	-9		-9	-10		-9		-9	1	1	20	3.0	-10	2010
500047	600047	700020	800004	2010002833	2010000217	2010003460		2	3	1	1	4.0	4	12	3	5	3	5	2		-9	2	2		-9		-9	1	1	1	-9	-9		-9	-10		-9		-9	1	1	12	4.0	-10	2010
500026	600026	700011	800002	2005004016	2005000292	2005004704		1	5	2	1	7.0	5	20	4	5	3	5	2		-9	1	1		-9		-9	1	1	1	-9	-9		-9	-10		-9		-9	1	1	20	7.0	1	2005
500076	600075	700028	800006	2016004999	2016000514	2016006272		1	1	10	1	0.7	1	2	1	5	3	5	2		-9	1	1		-9		-9	1	1	1	-9	-9		-9	2		-9		-9	1	1	2	0.7	-10	2016
500019	600019	700009	800002	2005004016	2005000292			1	3	2	1	2.5	3	10	3	8	4	6	2		-9	2	2		-9		-9		89	2	-9	-9		-9	-10		-9		-9	1	1	10	2.5	-9	2005
500016	600016	700008	800002	2005004016	2005000292			1	2	1	1	7.0	5	32	5	19	8	13	2	1	1	1	1		-9		-9		-9	-9	-9	1	0.4	6	-10	0.0	1	0.4	6	1	1	32	7.0	-9	2005
500065	600065	700027	800005	2011000714	2011000058			1	7	2	1	2.0	3	45	6	2	1	2	2		-9	1	1		-9		-9		-9	-9	-9	-9		-9	-10		-9		-9	1	1	45	2.0	-10	2011
500100	600098	700032	800006	2016004999	2016000514	2016006272		1	5	8	1	6.2	5	14	3	5	3	5	2		-9	1	1		-9		-9	1	1	1	-9	-9		-9	1		-9		-9	1	1	14	6.2	-10	2016
500033	600033	700014	800003	2010002833	2010000217	2010003460		1	2	1	1	4.0	4	12	3	7	4	6	2		-9	2	2		-9		-9	1	1	4	-9	-9		-9	-10		-9		-9	1	1	12	4.0	-10	2010
500060	600060	700025	800005	2011000714	2011000058			1	5	1	1	1.0	2	30	5	2	1	2	2		-9	1	1		-9		-9		-9	-9	-9	-9		-9	-10		-9		-9	1	1	30	1.0	-10	2011
500094	600092	700032	800006	2016004999	2016000514	2016006272		1	5	2	1	0.7	1	6	2	5	3	5	2		-9	2	2		-9		-9	1	1	1	-9	-9		-9	1		-9		-9	1	1	6	0.7	-10	2016
500131	600129	700040	800008	2024002100	2024000309	2024002738		1	1	1	1	1.0	2	6	2	7	4	6	2		-9	2	2		-9		-9	1	1	4	-9	-9		-9	2		-9		-9	1	1	6	1.0	-10	2024
500133	600131	700041	800008	2024002100	2024000309	2024002738		1	2	1	1	2.5	3	15	4	7	4	6	2		-9	2	2		-9		-9	1	1	4	-9	-9		-9	1		-9		-9	2	1	15	2.5	-10	2024
500028	600028	700012	800002	2005004016	2005000292		2005002517	1	6	2	1	7.0	5	30	5	19	8	13	2	1	1	1	1		-9		-9		-9	-9	1	15	0.0	1	-10	0.0	1	0.0	1	1	1	30	7.0	-9	2005
500129	600127	700039	800007	2016004999	2016000514			2	7	5	1	7.0	5	30	5	3	2	3	2		-9	1	1		-9		-9		-9	-9	-9	-9		-9	1		-9		-9	1	1	30	7.0	-10	2016
500123	600121	700038	800007	2016004999	2016000514	2016006273		2	5	4	1	0.7	1	4	2	5	3	5	2		-9	4	4		-9		-9	2	2	1	-9	-9		-9	1		-9		-9	1	1	4	0.7	-10	2016
500024	600024	700010	800002	2005004016	2005000292	2005004704		1	4	2	1	6.0	5	17	4	5	3	5	2		-9	1	1		-9		-9	1	1	1	-9	-9		-9	-10		-9		-9	1	1	17	6.0	1	2005
500072	600071	700028	800006	2016004999	2016000514			1	1	6	1	0.21	1	8	3	1	1	1	1		-9	1	1		-9		-9		-9	-9	-9	-9		-9	2		-9		-9	1	7	56	1.47	-10	2016
500152	600146	700047	800009	2024002100	2024000309	2024002738		2	7	2	1	11.0	6	19	4	5	3	5	2		-9	2	2		-9		-9	1	1	1	-9	-9		-9	1		-9		-9	1	1	19	11.0	-10	2024
500025	600025	700011	800002	2005004016	2005000292	2005004704		1	5	1	1	7.0	5	21	4	5	3	5	2		-9	1	1		-9		-9	1	1	1	-9	-9		-9	-10		-9		-9	1	1	21	7.0	6	2005
500086	600085	700030	800006	2016004999	2016000514	2016006272		1	3	1	1	7.3	5	15	4	5	3	5	2		-9	2	2		-9		-9	1	1	1	-9	-9		-9	1		-9		-9	1	1	15	7.3	-10	2016
500149	600143	700046	800009	2024002100	2024000309	2024002738		2	3	1	1	0.75	1	6	2	5	3	5	2		-9	2	2		-9		-9	1	1	1	-9	-9		-9	1		-9		-9	1	1	6	0.75	-10	2024
500013	600013	700007	800002	2005004016	2005000292	2005004704		1	1	1	1	7.0	5	20	4	5	3	5	2		-9	1	1		-9		-9	1	1	1	-9	-9		-9	-10		-9		-9	1	1	20	7.0	6	2005
500015	600015	700007	800002	2005004016	2005000292	2005004704		1	1	3	1	2.0	3	10	3	5	3	5	2		-9	1	1		-9		-9	1	1	1	-9	-9		-9	-10		-9		-9	1	1	10	2.0	1	2005
500020	600020	700009	800002	2005004016	2005000292			1	3	3	1	2.5	3	7	2	8	4	6	2		-9	2	2		-9		-9		89	2	-9	-9		-9	-10		-9		-9	1	1	7	2.5	-9	2005
500135	600131	700041	800008	2024002100	2024000309			1	2	1	3	1.0	2	30	5	2	1	2	2		-9	2	2		-9		-9		-9	-9	-9	-9		-9	1		-9		-9	2	1	30	1.0	-10	2024
500046	600046	700019	800004	2010002833	2010000217	2010003460		2	2	3	1	4.0	4	12	3	5	3	5	2		-9	2	2		-9		-9	1	1	1	-9	-9		-9	-10		-9		-9	1	1	12	4.0	-10	2010
500030	600030	700013	800002	2005004016	2005000292		2005002517	1	7	2	1	7.0	5	25	4	19	8	13	2	1	1	1	1		-9		-9		-9	-9	1	15	0.0	1	-10	0.0	1	0.0	1	1	1	25	7.0	-9	2005
